	39	99	164	165	167	168	169	171	207	249	250	251	252	253	254	255	297	333	373	412	487
206534_merged	2.404250715264588e-05	2.404250715264588e-05	0.00019234005722116703	2.404250715264588e-05	2.404250715264588e-05	0.0002885100858317505	0.026230375303536654	2.404250715264588e-05	0.0022599956723487126	7.212752145793763e-05	7.212752145793763e-05	0.0004327651287476258	0.07746495804582502	0.8903661673839348	0.00233212319380665	2.404250715264588e-05	2.404250715264588e-05	2.404250715264588e-05	2.404250715264588e-05	4.808501430529176e-05	2.404250715264588e-05
	42	50	51	85	154	165	168	169	207	219	250	251	252	253	254	256	297	303	400	425
206536_merged	5.494807407000384e-05	2.747403703500192e-05	2.747403703500192e-05	2.747403703500192e-05	2.747403703500192e-05	2.747403703500192e-05	0.00038463651849002695	0.057200945106874006	0.007967470740150558	2.747403703500192e-05	0.0005769547777350404	0.0006593768888400462	0.08648826858618605	0.8457882301225342	0.0004670586295950327	0.00013737018517500962	2.747403703500192e-05	2.747403703500192e-05	2.747403703500192e-05	2.747403703500192e-05
	35	164	165	168	169	170	207	251	252	253	254	256	334	369	412	423	486
206538_merged	0.00010130172719444867	0.000151952590791673	5.0650863597224336e-05	0.001975383680291749	0.09542622701717064	5.0650863597224336e-05	0.019348629894139695	0.000607810363166692	0.08397913184419795	0.7966874335207416	0.0010130172719444866	0.00020260345438889734	5.0650863597224336e-05	5.0650863597224336e-05	0.00010130172719444867	0.000151952590791673	5.0650863597224336e-05
	35	164	167	168	169	200	207	251	252	253	254	255	295	297	342	355	418
206547_merged	0.00015131340031473186	0.00018157608037767825	6.052536012589275e-05	0.0006960416414477666	0.08879070330468466	3.0262680062946375e-05	0.005568333131582133	0.0005447282411330347	0.10803776782471855	0.7936085219707057	0.0020881249243433	6.052536012589275e-05	6.052536012589275e-05	3.0262680062946375e-05	3.0262680062946375e-05	3.0262680062946375e-05	3.0262680062946375e-05
	35	164	166	168	169	170	173	193	206	207	227	250	251	252	253	254	296	313	340	356	364	379	389
206548_merged	0.00018386859524393233	0.00012257906349595488	6.128953174797744e-05	0.0021451336111792106	0.2301421917136553	0.00018386859524393233	6.128953174797744e-05	6.128953174797744e-05	6.128953174797744e-05	0.012564354008335376	0.00030644765873988724	0.00012257906349595488	0.00030644765873988724	0.05442510419220397	0.6979038980142191	0.0009193429762196617	6.128953174797744e-05	6.128953174797744e-05	6.128953174797744e-05	6.128953174797744e-05	6.128953174797744e-05	6.128953174797744e-05	6.128953174797744e-05
	35	169	185	251	252	253	254	296	356	487
206561_merged	5.461794745753454e-05	0.0002730897372876727	5.461794745753454e-05	0.00032770768474520726	0.0917035337812005	0.9055655688459228	0.0018570102135561746	5.461794745753454e-05	5.461794745753454e-05	5.461794745753454e-05
	100	168	169	207	209	217	251	252	253	254	256	297	368	378	412
206562_merged	6.0284543043163735e-05	0.000452134072823728	0.058355437665782495	0.0014468290330359296	3.0142271521581867e-05	3.0142271521581867e-05	0.0003315649867374005	0.047926211719315166	0.8906739811912225	0.0005124186158668917	6.0284543043163735e-05	3.0142271521581867e-05	3.0142271521581867e-05	3.0142271521581867e-05	3.0142271521581867e-05
	35	164	165	168	169	174	207	251	252	253	254	255	342	355	412	447	487
206563_merged	2.6492171563303043e-05	2.6492171563303043e-05	0.00010596868625321217	0.0008477494900256974	0.04188412324158211	5.298434312660609e-05	0.003947333562932154	0.00023842954406972738	0.05131533631811799	0.8975017882215806	0.0038678570482422446	5.298434312660609e-05	2.6492171563303043e-05	2.6492171563303043e-05	2.6492171563303043e-05	2.6492171563303043e-05	2.6492171563303043e-05
	100	149	164	165	167	168	169	170	207	250	252	253	254	305	341	357	412	425
206564_merged	7.870916961826053e-05	0.0007870916961826052	0.0002361275088547816	0.00015741833923652105	0.0002361275088547816	0.0048799685163321525	0.5814246359700905	0.0003935458480913026	0.024006296733569462	0.0002361275088547816	0.010940574576938214	0.37512790240062965	7.870916961826053e-05	7.870916961826053e-05	7.870916961826053e-05	0.0004722550177095632	0.0003148366784730421	0.0004722550177095632
	35	164	165	168	169	207	209	219	251	252	253	254	345	364
206569_merged	5.7517542850569426e-05	1.9172514283523142e-05	1.9172514283523142e-05	0.00013420759998466198	0.018041335940795277	0.0008819356570420645	1.9172514283523142e-05	1.9172514283523142e-05	0.00011503508570113885	0.039265309252655395	0.9327236473791173	0.008646803941868937	3.8345028567046284e-05	1.9172514283523142e-05
	107	164	168	169	170	207	219	250	251	252	253	254	255	276	278	297	369
206570_merged	1.5943114965802018e-05	1.5943114965802018e-05	3.1886229931604036e-05	0.0038741769366898906	1.5943114965802018e-05	0.0003188622993160404	1.5943114965802018e-05	6.377245986320807e-05	0.00014348803469221817	0.035760406868293924	0.9424931843183522	0.01715479170320297	1.5943114965802018e-05	1.5943114965802018e-05	1.5943114965802018e-05	3.1886229931604036e-05	1.5943114965802018e-05
	35	168	169	170	206	207	250	251	252	253	254	278	296	366	383	412
206571_merged	6.311736674345947e-05	0.0011045539180105405	0.042793574652065514	3.155868337172973e-05	9.467605011518919e-05	0.006343295357717676	6.311736674345947e-05	0.00018935210023037839	0.02338498437845173	0.925142803042257	0.0005996149840628649	3.155868337172973e-05	3.155868337172973e-05	3.155868337172973e-05	3.155868337172973e-05	6.311736674345947e-05
	35	164	168	169	170	207	250	251	252	253	254	307	392	410
206572_merged	3.1287153494775044e-05	0.00012514861397910017	0.0005318816094111758	0.045084788185970844	3.1287153494775044e-05	0.005944559164007259	0.00018772292096865028	0.00015643576747387524	0.019491896627244855	0.9276015268130905	0.0007196045303798261	3.1287153494775044e-05	3.1287153494775044e-05	3.1287153494775044e-05
	164	168	169	207	250	251	252	253	254	255	282	296	298	347	422
206603_merged	1.7999532012167683e-05	7.199812804867073e-05	0.007811796893280775	0.0004319887682920244	1.7999532012167683e-05	0.00016199578810950914	0.027251291466421874	0.9636589448674334	0.00039598970426768905	1.7999532012167683e-05	7.199812804867073e-05	3.5999064024335365e-05	1.7999532012167683e-05	1.7999532012167683e-05	1.7999532012167683e-05
	78	164	165	167	168	169	206	207	250	251	252	253	254	297	357	383	409	412	487
206604_merged	4.457321149988857e-05	8.914642299977714e-05	0.0001337196344996657	4.457321149988857e-05	0.0008023178069979942	0.07595275239581012	4.457321149988857e-05	0.015422331178961444	0.0002674392689993314	0.00031201248049921997	0.03998217071540004	0.8505014486293737	0.01564519723646089	4.457321149988857e-05	0.00022286605749944285	8.914642299977714e-05	0.0001337196344996657	0.00022286605749944285	4.457321149988857e-05
	168	169	170	207	250	251	252	253	254
206605_merged	3.372795035245708e-05	0.016324327970589227	6.745590070491416e-05	0.0035414347870079935	0.00013491180140982832	0.00023609565246719957	0.03544807582043239	0.9424601166987082	0.0017538534183277681
	94	154	164	165	167	168	169	206	207	251	252	253	254	295	297	354	375	387	393	412	425	474
206608_merged	5.7821850877446586e-05	8.673277631616989e-05	0.00031802017982595623	2.8910925438723293e-05	5.7821850877446586e-05	0.0011275260921102084	0.05712798866691723	5.7821850877446586e-05	0.010870507964959959	0.00026019832894850966	0.053485212061638095	0.8736881667582179	0.0025152505131689267	2.8910925438723293e-05	2.8910925438723293e-05	2.8910925438723293e-05	2.8910925438723293e-05	2.8910925438723293e-05	2.8910925438723293e-05	5.7821850877446586e-05	5.7821850877446586e-05	2.8910925438723293e-05
	164	167	168	169	170	207	250	251	252	253	254	296	297	335	412
206609_merged	3.872366790582404e-05	7.744733581164808e-05	0.0012004337050805453	0.10722583643122677	7.744733581164808e-05	0.008674101610904586	0.0002710656753407683	0.0001936183395291202	0.06974132589838909	0.8063042131350682	0.0060408921933085506	3.872366790582404e-05	3.872366790582404e-05	3.872366790582404e-05	3.872366790582404e-05
	99	164	165	167	168	169	170	182	207	248	250	251	252	253	254	352	357	363	400	412
206614_merged	8.797395970792646e-05	0.0012316354359109703	0.0002639218791237794	8.797395970792646e-05	0.006334125098970704	0.5558194774346793	0.00035189583883170583	8.797395970792646e-05	0.043195214216591886	0.0002639218791237794	0.0007037916776634117	0.0002639218791237794	0.023928917040555997	0.364828010908771	0.0013196093956188968	8.797395970792646e-05	0.00035189583883170583	8.797395970792646e-05	8.797395970792646e-05	0.0006158177179554852
	154	164	165	168	169	170	206	207	250	251	252	253	254	412	425
206615_merged	8.999280057595392e-05	0.0002699784017278618	0.0001349892008639309	0.004274658027357811	0.38917386609071275	0.0001349892008639309	4.499640028797696e-05	0.01363390928725702	0.0001349892008639309	8.999280057595392e-05	0.04972102231821454	0.5395518358531317	0.002384809215262779	0.00017998560115190784	0.00017998560115190784
	35	42	169	207	253
206616_merged	0.01293103448275862	0.008620689655172414	0.15086206896551724	0.004310344827586207	0.8232758620689655
	61	72	74	76	77	95	96	164	167	168	169	170	207	251	252	253	254	294	364	412	423
206617_merged	0.00023304591004427873	0.00011652295502213937	0.00023304591004427873	0.00011652295502213937	0.00011652295502213937	0.00023304591004427873	0.00023304591004427873	0.0010487065951992542	0.00023304591004427873	0.004777441155907714	0.6103472384059659	0.00023304591004427873	0.012118387322302493	0.00011652295502213937	0.03332556513633186	0.33197389885807504	0.002796550920531345	0.00011652295502213937	0.00011652295502213937	0.00011652295502213937	0.0013982754602656724
	35	42	164	165	168	169	207	252	253	254	389
206618_merged	0.0005742725880551302	0.00038284839203675346	0.00019142419601837673	0.00019142419601837673	0.0032542113323124045	0.3929938744257274	0.005551301684532925	0.02679938744257274	0.567572741194487	0.002297090352220521	0.00019142419601837673
	168	169	206	251	252	253
206619_merged	0.0009693948206619581	0.12006647278770254	0.00013848497438027975	0.0008309098462816784	0.08226007478188617	0.7957346627890873
	35	42	169	170	252	253
206620_merged	0.01818181818181818	0.014545454545454545	0.26545454545454544	0.0036363636363636364	0.14545454545454545	0.5527272727272727
	169	252	253
206621_merged	0.1650485436893204	0.019417475728155338	0.8155339805825242
	168	169	207	250	252	253	254	425
206622_merged	0.00039052330122363966	0.08220515490757616	6.508721687060662e-05	6.508721687060662e-05	0.01861494402499349	0.8967716740432179	0.0017573548555063784	0.00013017443374121324
	35	169	252	253	254	404
206623_merged	0.001890359168241966	0.001890359168241966	0.007561436672967864	0.5633270321361059	0.42344045368620037	0.001890359168241966
	35	42	169	221	251	252	253	254	256
206624_merged	0.0010678056593699946	0.001601708489054992	0.017084890549919914	0.002135611318739989	0.0010678056593699946	0.03150026695141484	0.8638547784303257	0.07741591030432461	0.004271222637479978
	68	70	84	87	92	93	94	168	169	251	252	253	353
206625_merged	0.00025786487880350697	0.00025786487880350697	0.00025786487880350697	0.00025786487880350697	0.00025786487880350697	0.0005157297576070139	0.0012893243940175349	0.0005157297576070139	0.06523981433728726	0.00025786487880350697	0.038679731820526045	0.8919546157813306	0.00025786487880350697
	35	42	168	169	211	252	253	341
206626_merged	0.0021668472372697724	0.004333694474539545	0.004333694474539545	0.35861321776814736	0.0021668472372697724	0.05742145178764897	0.5698808234019501	0.0010834236186348862
	35	42	169	252	253
206627_merged	0.0547945205479452	0.00684931506849315	0.2191780821917808	0.02054794520547945	0.6986301369863014
	164	168	169	207	252	253	254
206628_merged	0.00035612535612535614	0.004273504273504274	0.6805555555555556	0.004273504273504274	0.08190883190883191	0.22364672364672364	0.004985754985754986
	35	164	165	167	168	169	170	171	172	173	174	175	176	177	178	179	180	181	184	185	186	190	199	205	206	207	210	212	214	219	220	221	222	223	224	250	251	252	253	254	255	256	297	328	337	360	364	384	401	404	412
206629_merged	0.00014053826154170472	0.0004216147846251142	0.00028107652308340944	0.0006324221769376713	0.009556601784835922	0.029372496662216287	0.05558288243974422	0.07160424425549856	0.04574520413182489	0.004567493500105404	0.0011243060923336377	0.0007026913077085237	7.026913077085236e-05	7.026913077085236e-05	0.00014053826154170472	0.00014053826154170472	7.026913077085236e-05	7.026913077085236e-05	7.026913077085236e-05	7.026913077085236e-05	7.026913077085236e-05	7.026913077085236e-05	7.026913077085236e-05	7.026913077085236e-05	7.026913077085236e-05	0.04363713020869932	7.026913077085236e-05	7.026913077085236e-05	7.026913077085236e-05	0.00014053826154170472	0.00014053826154170472	0.00014053826154170472	0.00014053826154170472	0.00014053826154170472	7.026913077085236e-05	7.026913077085236e-05	0.0002108073923125571	0.07090155294779003	0.6494975757149885	0.012367367015670016	7.026913077085236e-05	7.026913077085236e-05	7.026913077085236e-05	7.026913077085236e-05	7.026913077085236e-05	7.026913077085236e-05	7.026913077085236e-05	7.026913077085236e-05	7.026913077085236e-05	7.026913077085236e-05	0.0008432295692502284
	99	100	164	165	167	168	169	170	171	172	173	174	176	178	206	207	208	216	218	222	227	251	252	253	254	256	284	286	294	295	298	299	360	405	412	423	425
206630_merged	5.142445747197367e-05	0.00025712228735986836	0.00041139565977578934	0.00025712228735986836	0.0005656690321917103	0.014090301347320786	0.032243134834927495	0.04566491823511262	0.03676848709246117	0.017278617710583154	0.0015941581816311839	0.0003599712023038157	0.000154273372415921	5.142445747197367e-05	5.142445747197367e-05	0.03815694744420446	5.142445747197367e-05	5.142445747197367e-05	0.00010284891494394734	5.142445747197367e-05	5.142445747197367e-05	0.00025712228735986836	0.07219993829065104	0.7327470945181528	0.004525352257533683	5.142445747197367e-05	5.142445747197367e-05	5.142445747197367e-05	5.142445747197367e-05	5.142445747197367e-05	5.142445747197367e-05	5.142445747197367e-05	0.00010284891494394734	5.142445747197367e-05	0.0008227913195515787	0.0003599712023038157	0.000308546744831842
	168	169	170	171	172	207	251	252	253	254	369
206635_merged	7.640440853437244e-05	0.010104483028670754	3.820220426718622e-05	1.910110213359311e-05	1.910110213359311e-05	0.0001910110213359311	0.0001910110213359311	0.03950107921227055	0.9475483735411533	0.002292132256031173	1.910110213359311e-05
	35	42	130	169	223	252	253	254
206636_merged	0.0007980845969672786	0.0015961691939345571	0.0015961691939345571	0.03272146847565842	0.0007980845969672786	0.10454908220271349	0.8371907422186752	0.020750199521149242
	94	162	164	165	167	168	169	170	207	250	251	252	253	254	272	278	343	369	400	403	412	459	461	487
206643_merged	6.926646810279144e-05	2.308882270093048e-05	0.00030015469511209626	0.0001385329362055829	4.617764540186096e-05	0.0021010828657846738	0.12781972247235113	6.926646810279144e-05	0.005679850384428898	2.308882270093048e-05	0.00016162175890651335	0.02606728082935051	0.8344300524116275	0.0027244810787097964	9.235529080372192e-05	2.308882270093048e-05	2.308882270093048e-05	2.308882270093048e-05	2.308882270093048e-05	2.308882270093048e-05	6.926646810279144e-05	2.308882270093048e-05	2.308882270093048e-05	2.308882270093048e-05
	75	164	168	169	179	207	234	250	251	252	253	254	293	294	344	356	357	374	400	412	425
206644_merged	4.9910161708923936e-05	0.00019964064683569574	0.0013475743661409464	0.14359153523657417	4.9910161708923936e-05	0.010730684767418647	4.9910161708923936e-05	9.982032341784787e-05	4.9910161708923936e-05	0.01851666999401078	0.8239668596526253	0.00034937113196246755	9.982032341784787e-05	4.9910161708923936e-05	4.9910161708923936e-05	4.9910161708923936e-05	4.9910161708923936e-05	4.9910161708923936e-05	4.9910161708923936e-05	9.982032341784787e-05	0.0004991016170892394
	72	79	95	97	164	168	169	170	207	252	253	368	425
206645_merged	0.0003916960438699569	0.0011750881316098707	0.0027418723070896985	0.0003916960438699569	0.0015667841754798276	0.0011750881316098707	0.3807285546415981	0.0007833920877399138	0.004308656482569526	0.05601253427340384	0.5491578535056796	0.0003916960438699569	0.0011750881316098707
	163	164	165	168	169	207	243	250	251	252	253	254	278	280	295	308	321	356	367	412	487
206646_merged	1.7932073306315676e-05	5.379621991894703e-05	7.17282932252627e-05	0.00043036975935157625	0.011422730696123085	0.002940860022235771	1.7932073306315676e-05	1.7932073306315676e-05	0.0002331169529821038	0.044094968260230245	0.9382778036796614	0.0021877129433705124	1.7932073306315676e-05	1.7932073306315676e-05	8.966036653157838e-05	1.7932073306315676e-05	1.7932073306315676e-05	1.7932073306315676e-05	1.7932073306315676e-05	1.7932073306315676e-05	1.7932073306315676e-05
	164	165	168	169	170	207	247	251	252	253	254	296	297	459	487
206647_merged	3.61755236407047e-05	5.426328546105705e-05	0.00037984299822739937	0.03742357920630901	1.808776182035235e-05	0.0010129146619397315	3.61755236407047e-05	0.00012661433274246644	0.038906775675577904	0.9197626885649169	0.0020981803711608727	3.61755236407047e-05	1.808776182035235e-05	1.808776182035235e-05	7.23510472814094e-05
	165	167	168	169	170	207	251	252	253	254	278	296	297	345	352	385	460
206648_merged	2.1802642480268608e-05	4.3605284960537216e-05	0.0010465268390528932	0.11594645271006845	2.1802642480268608e-05	0.001613395543539877	0.00013081585488161165	0.022129682117472637	0.8586970740853791	0.00019622378232241747	2.1802642480268608e-05	2.1802642480268608e-05	2.1802642480268608e-05	2.1802642480268608e-05	2.1802642480268608e-05	2.1802642480268608e-05	2.1802642480268608e-05
	99	164	165	168	169	170	206	207	250	251	252	253	254	260	324	352	357	359	412	425	428	487
206655_merged	8.881783462119193e-05	0.0012434496846966871	0.0003552713384847677	0.008526512123634426	0.4932942534861	0.00017763566924238386	0.0007993605115907274	0.05622168931521449	0.00017763566924238386	0.00017763566924238386	0.019451105782041032	0.41762145838884446	0.0003552713384847677	0.00017763566924238386	8.881783462119193e-05	8.881783462119193e-05	0.0003552713384847677	8.881783462119193e-05	0.0004440891731059597	8.881783462119193e-05	8.881783462119193e-05	8.881783462119193e-05
	168	169	207	251	252	253	254	382	487
206656_merged	0.00046072333563695	0.1375259156876296	0.0066804883667357755	0.000230361667818475	0.09513936880903018	0.7590416954618752	0.00046072333563695	0.000230361667818475	0.000230361667818475
	99	169	207	242	250	251	252	253	254	295	296	297
206657_merged	7.647306236378236e-05	0.003785416587007227	0.0009559132795472795	1.911826559094559e-05	0.0001720643903185103	0.00042060184300080295	0.18741635758803962	0.7991243834359347	0.00797231675142431	1.911826559094559e-05	1.911826559094559e-05	1.911826559094559e-05
	97	99	164	167	168	169	170	175	207	250	251	252	253	254	260	293	294	295	296	317	340	341	357	370	375	405	412	425
206658_merged	2.437003460544914e-05	2.437003460544914e-05	0.0001218501730272457	2.437003460544914e-05	0.0015353121801432957	0.07527903689623239	7.311010381634741e-05	2.437003460544914e-05	0.0011453916264561096	2.437003460544914e-05	0.0005605107959253303	0.1293805137203295	0.7808402787931958	0.009699273772968758	2.437003460544914e-05	0.00014622020763269483	0.00021933031144904226	0.0003655505190817371	0.00014622020763269483	2.437003460544914e-05	2.437003460544914e-05	2.437003460544914e-05	2.437003460544914e-05	2.437003460544914e-05	2.437003460544914e-05	2.437003460544914e-05	0.0001218501730272457	4.874006921089828e-05
	35	42	164	165	168	169	170	181	207	220	228	250	251	252	253	254	294	295	319	326	333	344	357	368	412
206659_merged	5.5851880812086345e-05	2.7925940406043172e-05	0.0001954815828423022	8.377782121812952e-05	0.001284593258677986	0.10617442542377614	5.5851880812086345e-05	2.7925940406043172e-05	0.005222150855930073	2.7925940406043172e-05	2.7925940406043172e-05	8.377782121812952e-05	0.0012008154374598564	0.3096707531626128	0.5703594068530258	0.005166298975117987	5.5851880812086345e-05	5.5851880812086345e-05	2.7925940406043172e-05	2.7925940406043172e-05	2.7925940406043172e-05	2.7925940406043172e-05	2.7925940406043172e-05	2.7925940406043172e-05	5.5851880812086345e-05
	168	169	207	249	250	251	252	253	254	271	293	295	330	340	343	378	400	487
206660_merged	0.0001682305880593667	0.010448988747242888	0.000523384051740252	3.738457512430371e-05	7.476915024860742e-05	0.001028075815918352	0.3892481961942503	0.5789188380874052	0.019365209914389322	1.8692287562151855e-05	1.8692287562151855e-05	3.738457512430371e-05	1.8692287562151855e-05	1.8692287562151855e-05	1.8692287562151855e-05	1.8692287562151855e-05	1.8692287562151855e-05	1.8692287562151855e-05
	35	42	164	168	169	207	251	252	253	254	296	346	487
206667_merged	3.764351590438547e-05	7.528703180877094e-05	0.00018821757952192734	0.0006775832862789384	0.06034255599472991	0.0029361942405420668	0.00018821757952192734	0.0419725202333898	0.8864671560323735	0.006926406926406926	0.00011293054771315641	3.764351590438547e-05	3.764351590438547e-05
	164	165	167	168	169	207	252	253	254	257	343
206668_merged	0.0006466214031684449	0.00032331070158422246	0.00032331070158422246	0.006142903330100227	0.4859359844810863	0.007436146136437116	0.020691884901390237	0.4516650501131588	0.024894924021985128	0.0012932428063368898	0.0006466214031684449
	169	252	253
206669_merged	0.2697841726618705	0.02877697841726619	0.7014388489208633
	98	117	168	169	207	209	219	251	252	253	254	255	295	296	328	487
206670_merged	1.780056249777493e-05	1.780056249777493e-05	0.00019580618747552423	0.016198511872975187	0.0011392359998575955	1.780056249777493e-05	1.780056249777493e-05	0.00039161237495104846	0.07328491580333939	0.9082024991989747	0.0002848089999643989	1.780056249777493e-05	0.00014240449998219944	3.560112499554986e-05	1.780056249777493e-05	1.780056249777493e-05
	35	164	167	168	169	207	250	251	252	253	254	367	374	412	423
206671_merged	2.843251542463962e-05	8.529754627391885e-05	5.686503084927924e-05	0.000597082823917432	0.10548463222541299	0.0008245429473145489	0.0002558926388217566	0.0003411901850956754	0.082681754854852	0.8091040914389696	0.0003127576696710358	2.843251542463962e-05	2.843251542463962e-05	0.00011373006169855848	5.686503084927924e-05
	35	99	100	164	165	167	168	169	170	207	209	250	251	252	253	254	260	294	295	296	297	350	386	412
206672_merged	0.0001374287088572803	6.871435442864014e-05	0.0001374287088572803	0.00010307153164296021	3.435717721432007e-05	6.871435442864014e-05	0.0021301449872878444	0.19209097780526352	0.0001374287088572803	0.0027829313543599257	3.435717721432007e-05	0.0001374287088572803	0.00017178588607160035	0.05428433999862571	0.7467876039304611	0.0002405002405002405	3.435717721432007e-05	6.871435442864014e-05	0.0001374287088572803	3.435717721432007e-05	3.435717721432007e-05	3.435717721432007e-05	3.435717721432007e-05	0.0002748574177145606
	118	164	165	167	168	169	170	206	207	242	250	251	252	253	254	262	295	297	322	338	357	365	367	375	383	389	399	412
206673_merged	2.54958951608791e-05	0.00025495895160879096	0.0001019835806435164	7.64876854826373e-05	0.0010198358064351638	0.0888022028453419	2.54958951608791e-05	0.00012747947580439548	0.00535413798378461	2.54958951608791e-05	0.00012747947580439548	0.0002294630564479119	0.053694355208811384	0.8464892152363469	0.0032379786854316453	2.54958951608791e-05	7.64876854826373e-05	2.54958951608791e-05	2.54958951608791e-05	2.54958951608791e-05	5.09917903217582e-05	2.54958951608791e-05	2.54958951608791e-05	2.54958951608791e-05	2.54958951608791e-05	2.54958951608791e-05	2.54958951608791e-05	2.54958951608791e-05
	35	99	164	165	168	169	170	179	206	207	250	251	252	253	254	260	286	350	351	357	389	412	487
206675_merged	9.498029158949519e-05	0.00023745072897373795	0.0013297240822529326	0.0007123521869212138	0.01120767440756043	0.5332668471292207	0.00028494087476848553	4.749014579474759e-05	4.749014579474759e-05	0.03675737284513463	0.00028494087476848553	0.00018996058317899037	0.02407750391793703	0.3903689984328252	0.0005223916037422235	9.498029158949519e-05	4.749014579474759e-05	4.749014579474759e-05	4.749014579474759e-05	4.749014579474759e-05	4.749014579474759e-05	0.00018996058317899037	4.749014579474759e-05
	35	36	99	164	165	168	169	170	187	206	207	250	251	252	253	254	296	297	336	369	370	412	415
206676_merged	4.756016360696281e-05	4.756016360696281e-05	9.512032721392562e-05	0.0006182821268905165	0.00028536098164177684	0.00389993341577095	0.365737658137544	0.00028536098164177684	9.512032721392562e-05	0.00014268049082088842	0.016836297916864834	0.0004280414724626653	9.512032721392562e-05	0.03148482830780938	0.576666983734424	0.002758489489203843	4.756016360696281e-05	4.756016360696281e-05	4.756016360696281e-05	4.756016360696281e-05	4.756016360696281e-05	0.00019024065442785123	4.756016360696281e-05
	39	164	167	168	169	170	203	207	227	250	251	252	253	254	296	328	346	357	388	412	417	418
206677_merged	0.0001931154347511225	9.655771737556125e-05	9.655771737556125e-05	0.0028484526625790567	0.2373871481678173	4.8278858687780624e-05	0.0011586926085067348	0.007434944237918215	0.0002413942934389031	4.8278858687780624e-05	0.00014483657606334185	0.0627625162941148	0.6793318205957611	0.0029932892386423985	4.8278858687780624e-05	4.8278858687780624e-05	4.8278858687780624e-05	4.8278858687780624e-05	4.8278858687780624e-05	4.8278858687780624e-05	4.8278858687780624e-05	0.0048761647274658424
	164	165	167	168	169	170	195	206	207	208	243	251	252	253	254	256	294	387	397	412	419	425	460	487
206678_merged	0.001008318628686665	0.00010803413878785697	0.00010803413878785697	0.0037451834779790413	0.2974539954625662	7.202275919190464e-05	0.0003601137959595232	0.00021606827757571394	0.0216788505167633	3.601137959595232e-05	7.202275919190464e-05	0.00021606827757571394	0.04465411069898088	0.6260218228960351	0.0028448989880802333	0.0007922503511109511	3.601137959595232e-05	3.601137959595232e-05	3.601137959595232e-05	0.00021606827757571394	0.00010803413878785697	0.00010803413878785697	3.601137959595232e-05	3.601137959595232e-05
	168	169	207	251	252	253	254	376
206681_merged	0.0006753714542998649	0.16524088248536695	0.0015758667266996848	0.00022512381809995497	0.1285457001350743	0.7032868077442593	0.00022512381809995497	0.00022512381809995497
	97	99	168	169	170	207	252	253	295	341	412	425
206682_merged	0.00017966223499820338	0.00017966223499820338	0.006827164929931728	0.8057851239669421	0.0005389867049946101	0.009162773984908373	0.033956162414660436	0.14103485447358965	0.00017966223499820338	0.00017966223499820338	0.0016169601149838304	0.00035932446999640676
	35	39	164	168	169	170	179	207	250	251	252	253	254	296	369	400	412	425	430
206683_merged	3.845192548016842e-05	1.922596274008421e-05	0.00011535577644050526	0.0008843942860438736	0.04339299790437006	1.922596274008421e-05	1.922596274008421e-05	0.001730336646607579	1.922596274008421e-05	0.00011535577644050526	0.03495280026147309	0.9167131294099552	0.001826466460308	3.845192548016842e-05	1.922596274008421e-05	1.922596274008421e-05	3.845192548016842e-05	1.922596274008421e-05	1.922596274008421e-05
	35	164	168	169	170	206	207	215	251	252	253	254	293	377	413
206684_merged	1.885156279455567e-05	7.540625117822267e-05	0.0002639218791237794	0.02856011763375184	1.885156279455567e-05	1.885156279455567e-05	0.0009614297025223391	1.885156279455567e-05	0.00037703125589111337	0.028013422312709722	0.9404667646947932	0.0011499453304678958	1.885156279455567e-05	1.885156279455567e-05	1.885156279455567e-05
	51	164	165	167	168	169	170	198	206	207	249	250	251	252	253	254	296	334	345	368	372
206695_merged	0.0004190236748376283	0.0006285355122564425	0.00010475591870940707	0.00010475591870940707	0.0056568196103079825	0.7329771632097214	0.00031426775612822125	0.00010475591870940707	0.00010475591870940707	0.02000838047349675	0.00010475591870940707	0.0016760946993505132	0.001047559187094071	0.021055939660590824	0.21380683008589985	0.0013618269432222922	0.00010475591870940707	0.00010475591870940707	0.00010475591870940707	0.00010475591870940707	0.00010475591870940707
	80	168	169	207	247	250	251	252	253	254	298	359	360	392	400	412	487
206700_merged	1.2835487555994814e-05	3.8506462667984444e-05	0.006161034026877511	2.5670975111989628e-05	2.5670975111989628e-05	7.701292533596889e-05	0.0008086357160276733	0.2487260778600675	0.7437394909445635	0.00029521621378788074	1.2835487555994814e-05	1.2835487555994814e-05	1.2835487555994814e-05	1.2835487555994814e-05	1.2835487555994814e-05	1.2835487555994814e-05	1.2835487555994814e-05
	39	85	99	131	164	165	167	168	169	170	171	175	207	250	251	252	253	254	295	296	341	361	371	406
206701_merged	3.800258417572395e-05	3.800258417572395e-05	3.800258417572395e-05	3.800258417572395e-05	0.00026601808923006764	3.800258417572395e-05	0.00019001292087861973	0.003002204149882192	0.37550353424032834	3.800258417572395e-05	3.800258417572395e-05	3.800258417572395e-05	0.0054343695371285245	0.00011400775252717185	0.00011400775252717185	0.008056547845253477	0.6048871323249981	0.0018241240404347496	7.60051683514479e-05	3.800258417572395e-05	3.800258417572395e-05	3.800258417572395e-05	7.60051683514479e-05	3.800258417572395e-05
	164	165	168	169	175	206	207	250	251	252	253	254	295	297	341	347	356	357	361	364	372	391	399	403	425	426
206702_merged	0.00022622159662175748	5.027146591594611e-05	0.0009048863864870299	0.08996078825658556	2.5135732957973055e-05	0.00020108586366378444	0.006811783631610698	0.00017595013070581138	0.00010054293183189222	0.007012869495274483	0.8928966418660769	0.0011562437160667605	2.5135732957973055e-05	2.5135732957973055e-05	2.5135732957973055e-05	2.5135732957973055e-05	2.5135732957973055e-05	2.5135732957973055e-05	2.5135732957973055e-05	2.5135732957973055e-05	2.5135732957973055e-05	2.5135732957973055e-05	2.5135732957973055e-05	2.5135732957973055e-05	0.00015081439774783834	2.5135732957973055e-05
	164	168	169	207	250	251	252	253	254	256	295	297	328	354	412	487
206703_merged	2.193992847583317e-05	4.387985695166634e-05	0.0013602755655016566	8.775971390333267e-05	6.58197854274995e-05	0.00015357949933083218	0.06272625551240703	0.9348822922837271	0.0004387985695166634	4.387985695166634e-05	4.387985695166634e-05	2.193992847583317e-05	2.193992847583317e-05	2.193992847583317e-05	4.387985695166634e-05	2.193992847583317e-05
	169	207	209	247	251	252	253	254	292	293	294	295	297	328	343	366	397	411	430	460	487
206704_merged	0.0008893280632411067	1.9762845849802372e-05	5.928853754940711e-05	1.9762845849802372e-05	0.0005138339920948617	0.10134387351778656	0.8947233201581027	0.0014031620553359683	5.928853754940711e-05	0.00017786561264822133	0.0004150197628458498	0.00015810276679841898	1.9762845849802372e-05	5.928853754940711e-05	1.9762845849802372e-05	1.9762845849802372e-05	1.9762845849802372e-05	1.9762845849802372e-05	1.9762845849802372e-05	1.9762845849802372e-05	1.9762845849802372e-05
	134	143	154	168	169	207	250	251	252	253	254	260	294	295	296	297	357
206708_merged	2.2953679474819815e-05	2.2953679474819815e-05	2.2953679474819815e-05	0.0002065831152733783	0.01602166827342423	0.0011706376532158104	4.590735894963963e-05	0.00018362943579855852	0.05182940825414314	0.9293715282559795	0.0009181471789927925	4.590735894963963e-05	2.2953679474819815e-05	2.2953679474819815e-05	2.2953679474819815e-05	4.590735894963963e-05	2.2953679474819815e-05
	169	207	251	252	253	254	294	295	296	297
206709_merged	0.008312663404169739	0.00031284217112466763	6.703760809814306e-05	0.02256932805970816	0.9673526848562043	0.0012066769457665751	2.2345869366047684e-05	0.00011172934683023843	2.2345869366047684e-05	2.2345869366047684e-05
	169	207	251	252	253	254	282	295	329	355
206710_merged	0.0017709563164108619	6.324843987181649e-05	0.00044273907910271547	0.08846348456738067	0.9087957497048406	0.00035840782594029347	2.1082813290605498e-05	4.2165626581210996e-05	2.1082813290605498e-05	2.1082813290605498e-05
	168	169	249	251	252	253	254	297	339	418	487
206711_merged	3.298805832288711e-05	0.004057531173715115	1.6494029161443556e-05	0.00019792834993732268	0.08403707857755492	0.9113610872864023	0.00021442237909876624	1.6494029161443556e-05	1.6494029161443556e-05	1.6494029161443556e-05	3.298805832288711e-05
	168	169	207	251	252	253	254	296	297	341
206712_merged	3.8208772734219776e-05	0.0003820877273421978	1.9104386367109888e-05	0.000171939477303989	0.030356869937337612	0.9686305975852055	0.0003247745682408681	3.8208772734219776e-05	1.9104386367109888e-05	1.9104386367109888e-05
	169	186	207	250	251	252	253	254	295	296	356	363	370	461	487
206713_merged	0.003187695495387803	1.992309684617377e-05	3.984619369234754e-05	1.992309684617377e-05	0.00023907716215408522	0.02129779052855976	0.974319128165282	0.0007371545833084295	1.992309684617377e-05	1.992309684617377e-05	1.992309684617377e-05	1.992309684617377e-05	1.992309684617377e-05	1.992309684617377e-05	1.992309684617377e-05
	169	251	252	253	254	412
206718_merged	0.00029444831093741633	0.0001070721130681514	0.01790781091064832	0.9755607901921944	0.00610311044488463	2.676802826703785e-05
	169	207	209	250	251	252	253	254	361	460	487
206719_merged	0.0010425229054311434	2.004851741213737e-05	2.004851741213737e-05	4.009703482427474e-05	0.00012029110447282424	0.029952485013733234	0.964534172697929	0.004210188656548848	2.004851741213737e-05	2.004851741213737e-05	2.004851741213737e-05
	168	169	207	250	251	252	253	254	279	280	345	376	412	441	487
206720_merged	1.564480045057025e-05	0.002299785666233827	4.693440135171076e-05	1.564480045057025e-05	0.00028160640811026455	0.05639950562430576	0.9396892942630517	0.0011420704328916284	1.564480045057025e-05	1.564480045057025e-05	1.564480045057025e-05	1.564480045057025e-05	1.564480045057025e-05	1.564480045057025e-05	1.564480045057025e-05
	168	169	207	221	248	250	251	252	253	254	278	294	295	296	297	328	365	367	373	412
206721_merged	0.00014276876219483176	0.010802836339408938	0.00012690556639540602	1.5863195799425752e-05	4.758958739827726e-05	3.1726391598851505e-05	0.00022208474119196053	0.0649915131902473	0.9219689398626247	0.0014911404051460206	1.5863195799425752e-05	1.5863195799425752e-05	1.5863195799425752e-05	1.5863195799425752e-05	1.5863195799425752e-05	1.5863195799425752e-05	1.5863195799425752e-05	1.5863195799425752e-05	1.5863195799425752e-05	1.5863195799425752e-05
	42	75	169	192	252	253
206723_merged	0.005747126436781609	0.005747126436781609	0.06321839080459771	0.005747126436781609	0.011494252873563218	0.9080459770114943
	35	165	168	169	206	207	212	251	252	253	254	255	295	296	339	345	403
206724_merged	5.3644231456977326e-05	1.788141048565911e-05	0.0001966955153422502	0.03283026965167012	3.576282097131822e-05	0.00100135898719691	1.788141048565911e-05	0.0001966955153422502	0.01689793290894786	0.948072383949646	0.00048279808311279594	7.152564194263644e-05	3.576282097131822e-05	1.788141048565911e-05	1.788141048565911e-05	3.576282097131822e-05	1.788141048565911e-05
	168	169	251	252	253	254	256	295	296	299	313	322	370	412	413	487
206725_merged	1.6152218507211965e-05	0.0005168709922307829	0.00012921774805769572	0.04223805139635929	0.9566312933081359	0.0001938266220865436	1.6152218507211965e-05	6.460887402884786e-05	3.230443701442393e-05	1.6152218507211965e-05	1.6152218507211965e-05	1.6152218507211965e-05	1.6152218507211965e-05	1.6152218507211965e-05	1.6152218507211965e-05	6.460887402884786e-05
	169	207	209	251	252	253	254	294	295	296	297	353	401	487
206726_merged	0.0031430237832933707	1.6201153522130775e-05	3.240230704426155e-05	0.00011340807465491542	0.03721404964033439	0.9590596850495755	0.0001944138422655693	1.6201153522130775e-05	6.48046140885231e-05	4.8603460566392325e-05	3.240230704426155e-05	1.6201153522130775e-05	1.6201153522130775e-05	3.240230704426155e-05
	99	168	169	207	210	250	251	252	253	254	255	296	297	347	487
206727_merged	1.5641619220421698e-05	0.00017205781142463867	0.017612463242194832	0.00023462428830632546	3.1283238440843396e-05	1.5641619220421698e-05	0.00023462428830632546	0.0407307764499781	0.9165519614590503	0.024197584933992367	0.00012513295376337358	3.1283238440843396e-05	1.5641619220421698e-05	1.5641619220421698e-05	1.5641619220421698e-05
	35	164	168	169	206	207	211	220	221	250	251	252	253	254	255	256	292	293	294	295	296	315	325	336	379	381	388	389	408	412
206728_merged	3.145940164218077e-05	3.145940164218077e-05	0.00015729700821090384	0.02998080976499827	6.291880328436154e-05	0.0011797275615817787	1.5729700821090384e-05	6.291880328436154e-05	1.5729700821090384e-05	0.00014156730738981344	0.0001887564098530846	0.04887218045112782	0.8977412149620915	0.020747475383018216	3.145940164218077e-05	1.5729700821090384e-05	1.5729700821090384e-05	3.145940164218077e-05	0.00033032371724289804	0.0001887564098530846	1.5729700821090384e-05	1.5729700821090384e-05	1.5729700821090384e-05	1.5729700821090384e-05	1.5729700821090384e-05	1.5729700821090384e-05	1.5729700821090384e-05	1.5729700821090384e-05	1.5729700821090384e-05	1.5729700821090384e-05
	164	168	169	207	250	251	252	253	254	255	328	380	398
206729_merged	7.72180896244627e-05	0.00066922344341201	0.09309927672389386	0.0012354894339914031	5.1478726416308464e-05	0.0005405266273712389	0.1837790533062212	0.718797456950915	0.0015958405189055622	7.72180896244627e-05	2.5739363208154232e-05	2.5739363208154232e-05	2.5739363208154232e-05
	164	168	169	170	207	252	253	254	260	295	296	297	380	412	421
206730_merged	5.0970997502421125e-05	0.0009684489525460013	0.151536775574698	5.0970997502421125e-05	0.0011723329425556857	0.028492787603853407	0.8164024669962792	0.0007135939650338957	5.0970997502421125e-05	0.00015291299250726336	0.00010194199500484225	5.0970997502421125e-05	5.0970997502421125e-05	0.00015291299250726336	5.0970997502421125e-05
	43	169	207	209	251	252	253	254	297	354	487
206731_merged	1.7425549340442957e-05	0.003258577726662833	0.0001568299440639866	3.4851098680885914e-05	0.00038336208548974505	0.042169829403871956	0.9527244846393783	0.001202362904490564	1.7425549340442957e-05	1.7425549340442957e-05	1.7425549340442957e-05
	168	169	207	208	251	252	253	254	295	296	297	318	357	412	487
206732_merged	0.0001642875397028221	0.024624876784345225	0.0006206418166551057	3.650834215618269e-05	0.00027381256617137016	0.03238289949253404	0.939432660362893	0.0023182797269176007	1.8254171078091345e-05	3.650834215618269e-05	1.8254171078091345e-05	1.8254171078091345e-05	1.8254171078091345e-05	1.8254171078091345e-05	1.8254171078091345e-05
	168	169	207	251	252	253	254	283	295	296	362	412
206733_merged	1.5256693874437409e-05	0.0016629796323136775	1.5256693874437409e-05	0.000259363795865436	0.01466168281333435	0.9819971012281639	0.001266305591578305	1.5256693874437409e-05	1.5256693874437409e-05	3.0513387748874818e-05	1.5256693874437409e-05	4.5770081623312226e-05
	169	207	251	252	253	254	256	261	277	299	360	367	409	437	487
206734_merged	0.0009110659471581751	1.4016399187048847e-05	0.00011213119349639077	0.016637465835026982	0.9814703202747215	0.0007148363585394912	2.8032798374097693e-05	1.4016399187048847e-05	1.4016399187048847e-05	1.4016399187048847e-05	1.4016399187048847e-05	1.4016399187048847e-05	1.4016399187048847e-05	1.4016399187048847e-05	1.4016399187048847e-05
	164	168	169	170	206	207	251	252	253	254	293	295	296	332	349	367	399	411	423	425	487
206738_merged	2.4658480051289637e-05	0.00034521872071805495	0.044508556492577796	7.397544015386891e-05	2.4658480051289637e-05	0.0010603146422054545	0.00036987720076934457	0.07081915470730384	0.8813433939931943	0.001035656162154165	2.4658480051289637e-05	7.397544015386891e-05	2.4658480051289637e-05	2.4658480051289637e-05	2.4658480051289637e-05	2.4658480051289637e-05	2.4658480051289637e-05	2.4658480051289637e-05	7.397544015386891e-05	4.9316960102579274e-05	2.4658480051289637e-05
	168	169	174	207	209	226	250	251	252	253	254	278	293	294	295	296	339	373	382	487
206739_merged	3.213780691605605e-05	0.012164159917727214	1.6068903458028024e-05	3.213780691605605e-05	3.213780691605605e-05	1.6068903458028024e-05	4.820671037408407e-05	0.00017675793803830826	0.05349337961177529	0.9336514976218023	0.00014462013112225222	1.6068903458028024e-05	1.6068903458028024e-05	1.6068903458028024e-05	6.42756138321121e-05	1.6068903458028024e-05	1.6068903458028024e-05	1.6068903458028024e-05	1.6068903458028024e-05	1.6068903458028024e-05
	164	165	168	169	170	207	227	250	251	252	253	254	296	297	365	403	412
206740_merged	2.6282590412111016e-05	2.6282590412111016e-05	0.00021026072329688813	0.04809714045416316	5.256518082422203e-05	0.001576955424726661	2.6282590412111016e-05	5.256518082422203e-05	0.00023654331370899916	0.03797834314550042	0.9106917577796467	0.0008673254835996636	2.6282590412111016e-05	2.6282590412111016e-05	2.6282590412111016e-05	2.6282590412111016e-05	5.256518082422203e-05
	164	168	169	170	207	209	250	251	252	253	254	295	296	298	347	394	403	412
206741_merged	9.249838127832763e-05	0.00033299417260197945	0.03420590139672556	5.5499028766996575e-05	0.0007214873739709555	1.8499676255665527e-05	1.8499676255665527e-05	0.00029599482009064844	0.03803533438164832	0.924336324114328	0.0016834705392655628	7.399870502266211e-05	3.6999352511331055e-05	1.8499676255665527e-05	1.8499676255665527e-05	1.8499676255665527e-05	1.8499676255665527e-05	1.8499676255665527e-05
	168	169	207	250	251	252	253	254	296	365	394	411	412	416
206742_merged	3.135975915704967e-05	0.0022422227797290516	1.5679879578524836e-05	1.5679879578524836e-05	0.0001724786753637732	0.07940291018564978	0.9154697691921726	0.0025401404917210235	1.5679879578524836e-05	3.135975915704967e-05	1.5679879578524836e-05	1.5679879578524836e-05	1.5679879578524836e-05	1.5679879578524836e-05
	165	168	169	206	207	251	252	253	254	256	261	295	381	431	487
206743_merged	1.8553908380800416e-05	0.00020409299218880457	0.03977957956843609	1.8553908380800416e-05	0.0011874501363712266	3.710781676160083e-05	0.05100469413882034	0.9051524203573483	0.00222646900569605	0.00022264690056960498	1.8553908380800416e-05	5.5661725142401246e-05	1.8553908380800416e-05	1.8553908380800416e-05	3.710781676160083e-05
	165	168	169	207	251	252	253	254	297	356
206746_merged	3.537131033019118e-05	3.537131033019118e-05	0.006632120686910847	0.0003537131033019118	0.00014148524132076473	0.047273756256300516	0.9451037263675433	0.000389084413632103	1.768565516509559e-05	1.768565516509559e-05
	169	251	252	253	254	297	334
206747_merged	0.000421387770390486	9.364172675344133e-05	0.028560726659799605	0.9706901395261729	0.00018728345350688266	2.3410431688360332e-05	2.3410431688360332e-05
	168	169	170	207	209	250	251	252	253	254	351	367	412	487
206750_merged	0.00018592145533594576	0.02308286376247819	2.8603300820914735e-05	0.0003432396098509768	2.8603300820914735e-05	7.150825205228683e-05	0.00045765281313463576	0.06186893967563857	0.882926689739996	0.03094877148822974	1.4301650410457367e-05	1.4301650410457367e-05	1.4301650410457367e-05	1.4301650410457367e-05
	107	168	169	170	207	251	252	253	254	255	295	335	386	388	389	390	405	461	487
206751_merged	1.554919766140067e-05	1.554919766140067e-05	0.0013372309988804577	6.219679064560268e-05	4.6647592984202013e-05	0.00020213956959820874	0.05627254633660903	0.9109652941908197	0.030911804950864534	3.109839532280134e-05	1.554919766140067e-05	1.554919766140067e-05	1.554919766140067e-05	1.554919766140067e-05	1.554919766140067e-05	1.554919766140067e-05	1.554919766140067e-05	1.554919766140067e-05	1.554919766140067e-05
	166	168	169	207	251	252	253	254	256	295	296	362	367	392	412	460
206752_merged	1.5494507197198592e-05	3.0989014394397184e-05	0.001750879313283441	4.6483521591595777e-05	0.0003718681727327662	0.09185143866499326	0.903252297060692	0.002541099180340569	3.0989014394397184e-05	1.5494507197198592e-05	1.5494507197198592e-05	1.5494507197198592e-05	1.5494507197198592e-05	1.5494507197198592e-05	1.5494507197198592e-05	1.5494507197198592e-05
	169	207	250	251	252	253	254	295	296	328	461
206753_merged	0.004513974771209498	0.00013912935938659412	4.63764531288647e-05	0.00023188226564432353	0.08146796932970567	0.9115446450655453	0.0019941874845411825	1.545881770962157e-05	1.545881770962157e-05	1.545881770962157e-05	1.545881770962157e-05
	99	164	165	168	169	170	174	207	209	242	251	252	253	254	255	295	297	336	350	353	362	378
206754_merged	1.7490161783996502e-05	5.2470485351989506e-05	6.996064713598601e-05	0.00038478355924792307	0.042710975076519456	1.7490161783996502e-05	1.7490161783996502e-05	0.0013817227809357236	3.4980323567993004e-05	3.4980323567993004e-05	0.00022737210319195454	0.07540008745080892	0.8772540445999125	0.002256230870135549	1.7490161783996502e-05	1.7490161783996502e-05	1.7490161783996502e-05	1.7490161783996502e-05	1.7490161783996502e-05	1.7490161783996502e-05	1.7490161783996502e-05	1.7490161783996502e-05
	168	169	170	250	251	252	253	254	264	295	296	322	324	409	412
206755_merged	1.4581723268055818e-05	0.00010207206287639073	0.0012831916475889121	1.4581723268055818e-05	0.0002187258490208373	0.04120794995552574	0.9566631184473381	0.0003937065282375071	1.4581723268055818e-05	1.4581723268055818e-05	1.4581723268055818e-05	1.4581723268055818e-05	1.4581723268055818e-05	1.4581723268055818e-05	1.4581723268055818e-05
	35	99	164	169	170	171	207	251	252	253	254	296	355	372
206756_merged	1.6971589559078102e-05	1.6971589559078102e-05	5.091476867723431e-05	0.0002545738433861716	0.008655510675129832	1.6971589559078102e-05	0.00030548861206340584	0.00030548861206340584	0.03779572994806694	0.9522080038016361	0.00030548861206340584	3.3943179118156203e-05	1.6971589559078102e-05	1.6971589559078102e-05
	35	168	169	207	208	250	251	252	253	254	280	282	294	295	296	397
206757_merged	1.507658907248824e-05	4.522976721746472e-05	0.006377397177662525	3.015317814497648e-05	1.507658907248824e-05	9.045953443492944e-05	0.0007839826317693884	0.19827222289229285	0.7939784103244482	0.0001959956579423471	1.507658907248824e-05	1.507658907248824e-05	4.522976721746472e-05	7.53829453624412e-05	3.015317814497648e-05	1.507658907248824e-05
	168	169	207	250	251	252	253	254	278	295	296	346	359	368	395
206758_merged	5.673436968115284e-05	0.005276296380347214	0.00021275388630432316	2.836718484057642e-05	0.000609894474072393	0.2189521161919891	0.7746085328492001	0.0001418359242028821	1.418359242028821e-05	1.418359242028821e-05	1.418359242028821e-05	1.418359242028821e-05	1.418359242028821e-05	2.836718484057642e-05	1.418359242028821e-05
	154	168	169	170	208	250	251	252	253	254	278	295	296	297	299	331	363	389	410	412
206761_merged	1.7284889549555777e-05	5.1854668648667334e-05	0.0042347979396411654	5.1854668648667334e-05	3.4569779099111554e-05	1.7284889549555777e-05	0.00029384312234244825	0.036592111176409585	0.9583779859646697	0.00010370933729733467	1.7284889549555777e-05	3.4569779099111554e-05	1.7284889549555777e-05	3.4569779099111554e-05	1.7284889549555777e-05	1.7284889549555777e-05	1.7284889549555777e-05	3.4569779099111554e-05	1.7284889549555777e-05	1.7284889549555777e-05
	164	168	169	207	251	252	253	254	255	294	295	296	297	342	365	380	412
206762_merged	2.508780732563974e-05	0.0003763171098845961	0.02995484194681385	0.001254390366281987	0.00020070245860511792	0.04892122428499749	0.9147014550928249	0.004189663823381836	0.0001254390366281987	2.508780732563974e-05	2.508780732563974e-05	5.017561465127948e-05	2.508780732563974e-05	2.508780732563974e-05	5.017561465127948e-05	2.508780732563974e-05	2.508780732563974e-05
	168	169	170	207	251	252	253	254	318	352	360	378
206766_merged	0.00011551345731777752	0.008663509298833314	1.6501922473968218e-05	0.0003300384494793643	0.00024752883710952325	0.04686545982606974	0.943414907836763	0.00028053268205745967	1.6501922473968218e-05	1.6501922473968218e-05	1.6501922473968218e-05	1.6501922473968218e-05
	35	154	164	167	168	169	170	207	251	252	253	254	255	295	412	415
206767_merged	3.216882197773918e-05	6.433764395547835e-05	0.00016084410988869587	0.00016084410988869587	0.0007077140835102619	0.15711252653927812	0.0001286752879109567	0.0003860258637328701	6.433764395547835e-05	0.05185614102811555	0.7888116837161423	0.00028951939779965256	9.650646593321752e-05	3.216882197773918e-05	3.216882197773918e-05	6.433764395547835e-05
	75	99	164	165	167	168	169	170	207	228	249	250	251	252	253	254	256	305	380	388
206768_merged	8.096510404015869e-05	8.096510404015869e-05	0.00024289531212047608	0.00040482552020079345	0.00016193020808031737	0.004048255202007934	0.5473241033114727	0.00016193020808031737	0.020484171322160148	8.096510404015869e-05	8.096510404015869e-05	0.0008096510404015869	0.0011335114565622216	0.08590397538660838	0.3315521010444498	0.006558173427252854	0.0006477208323212695	8.096510404015869e-05	8.096510404015869e-05	8.096510404015869e-05
	106	164	167	168	169	170	207	251	252	253	257
206769_merged	0.000117813383600377	0.000706880301602262	0.000117813383600377	0.004241281809613572	0.8375353440150801	0.000117813383600377	0.01095664467483506	0.000353440150801131	0.013077285579641848	0.13254005655042414	0.000235626767200754
	99	168	169	198	207	209	233	251	252	253	254	297	395
206770_merged	1.5954815961197887e-05	4.7864447883593665e-05	0.015157075163137993	1.5954815961197887e-05	0.0003669607671075514	4.7864447883593665e-05	1.5954815961197887e-05	0.0001276385276895831	0.02981955103147885	0.9502847934649074	0.004068478070105462	1.5954815961197887e-05	1.5954815961197887e-05
	42	99	168	169	171	207	251	252	253	254	425
214994_merged	2.8426857695150378e-05	2.8426857695150378e-05	8.528057308545113e-05	0.015179942009210303	2.8426857695150378e-05	0.001876172607879925	0.0001421342884757519	0.05531866507476264	0.9242139973847291	0.0030416737733810905	5.6853715390300756e-05
	88	120	154	165	168	169	202	207	237	250	251	252	253	254	297	344	412	487
214995_merged	2.32725918685564e-05	2.32725918685564e-05	4.65451837371128e-05	2.32725918685564e-05	0.0004887244292396844	0.043124112732435015	2.32725918685564e-05	0.0019316251250901812	2.32725918685564e-05	6.981777560566921e-05	9.30903674742256e-05	0.07496101840862017	0.8662524145314063	0.012823198119574577	2.32725918685564e-05	2.32725918685564e-05	2.32725918685564e-05	2.32725918685564e-05
	154	164	168	169	171	173	206	207	250	251	252	253	254	349	357	370	425
215003_merged	0.00014348231580457708	0.00028696463160915415	0.002295717052873233	0.32764186813975177	7.174115790228854e-05	0.00028696463160915415	0.00021522347370686563	0.03185307410861611	0.0005021881053160198	0.00021522347370686563	0.08465456632470048	0.5471698113207547	0.0041609871583327355	7.174115790228854e-05	0.00014348231580457708	7.174115790228854e-05	0.00021522347370686563
	95	99	150	164	167	168	169	170	187	206	207	218	250	252	253	254	305	307	357	385	389	412	423
215004_merged	0.00012971851083149564	0.00038915553249448695	0.00012971851083149564	0.0007783110649889739	0.0002594370216629913	0.005837332987417305	0.7792190945647944	0.0005188740433259826	0.00012971851083149564	0.0002594370216629913	0.05694642625502659	0.00012971851083149564	0.0020754961733039303	0.019846932157218836	0.12842132572318068	0.0028538072382929044	0.00012971851083149564	0.00012971851083149564	0.001167466597483461	0.00012971851083149564	0.00012971851083149564	0.00012971851083149564	0.0002594370216629913
	39	99	129	147	164	165	167	168	169	170	206	207	250	251	252	253	254	296	357	368	412	425	439
215007_merged	2.4405125076266016e-05	2.4405125076266016e-05	2.4405125076266016e-05	2.4405125076266016e-05	0.00012202562538133008	4.881025015253203e-05	2.4405125076266016e-05	0.0011714460036607688	0.06274557657107993	4.881025015253203e-05	4.881025015253203e-05	0.007467968273337401	0.00012202562538133008	7.321537522879805e-05	0.026674801708358755	0.8980353874313606	0.00300183038438072	9.762050030506406e-05	2.4405125076266016e-05	2.4405125076266016e-05	0.00012202562538133008	2.4405125076266016e-05	2.4405125076266016e-05
	99	154	164	165	168	169	170	207	212	250	251	252	253	254	257	297	412	423
215008_merged	4.6748632602496374e-05	4.6748632602496374e-05	0.00028049179561497826	4.6748632602496374e-05	0.0012154644476649059	0.1575428918704128	0.00014024589780748913	0.008928988827076809	4.6748632602496374e-05	4.6748632602496374e-05	0.0001869945304099855	0.016595764573886215	0.8128184750596045	0.0015427048758823805	4.6748632602496374e-05	4.6748632602496374e-05	0.0002337431630124819	0.0001869945304099855
	168	169	207	221	249	251	252	253	254	255	297	349	357	368	383	400	412	417	446	460
215009_merged	7.882394671501202e-05	0.0052417924565482995	0.00015764789343002404	1.9705986678753006e-05	3.941197335750601e-05	0.0003547077602175541	0.09277578528356915	0.8844835060891498	0.016612146770188782	3.941197335750601e-05	1.9705986678753006e-05	1.9705986678753006e-05	1.9705986678753006e-05	1.9705986678753006e-05	1.9705986678753006e-05	1.9705986678753006e-05	1.9705986678753006e-05	1.9705986678753006e-05	1.9705986678753006e-05	1.9705986678753006e-05
	153	164	168	169	170	207	227	251	252	253	254	487
215010_merged	2.347087264704502e-05	4.694174529409004e-05	0.0002581795991174952	0.01889405248087124	2.347087264704502e-05	0.0016664319579401963	0.00016429610852931512	0.00023470872647045018	0.049711308266441344	0.906186922029761	0.022766746467633665	2.347087264704502e-05
	168	169	207	221	251	252	253	254	295	297	353
215023_merged	4.967463116586359e-05	0.002268474823241104	6.623284155448479e-05	1.6558210388621197e-05	0.0007782358882651963	0.07969466660043382	0.9166956435348468	0.00036428062854966634	3.3116420777242394e-05	1.6558210388621197e-05	1.6558210388621197e-05
	91	164	168	169	173	206	207	250	251	252	253	254	255	273	419
215048_merged	4.101218061764344e-05	0.00012303654185293031	0.000656194889882295	0.08907845630152156	8.202436123528688e-05	4.101218061764344e-05	0.006849034163146454	0.00012303654185293031	0.00016404872247057376	0.11647459295410736	0.7631546569331091	0.023048845507115612	8.202436123528688e-05	4.101218061764344e-05	4.101218061764344e-05
	35	42	168	169	170	207	252	253	254	335	369	412	425
215049_merged	0.0029081844619858743	0.0012463647694225177	0.0024927295388450354	0.5907769007062734	0.0004154549231408392	0.033236393851267136	0.026173660157872872	0.2139592854175322	0.12671375155795597	0.0004154549231408392	0.0004154549231408392	0.0008309098462816784	0.0004154549231408392
	168	169	206	207	241	250	251	252	253	254	256	297	390	393	420	487
215050_merged	0.000277192593413904	0.02731271020438334	1.84795062275936e-05	0.0011457293861108031	5.5438518682780794e-05	1.84795062275936e-05	0.0002587130871863104	0.10281997265033078	0.8678715304727058	0.00011087703736556159	1.84795062275936e-05	1.84795062275936e-05	1.84795062275936e-05	1.84795062275936e-05	1.84795062275936e-05	1.84795062275936e-05
	57	164	168	169	186	207	246	251	252	253	254	296	412
215055_merged	2.3072308615200038e-05	2.3072308615200038e-05	2.3072308615200038e-05	0.008490609570393614	2.3072308615200038e-05	0.0005768077153800009	2.3072308615200038e-05	0.00023072308615200036	0.04955931890544968	0.9400581422177103	0.0008998200359928015	4.6144617230400075e-05	2.3072308615200038e-05
	42	137	168	169	170	207	250	251	252	253	254	278	347	348	356	358	401	423	487
215056_merged	2.7324644096510642e-05	5.4649288193021284e-05	0.000382545017351149	0.029756537421100092	8.197393228953193e-05	0.0017214525780801706	5.4649288193021284e-05	0.00027324644096510644	0.0631472525070361	0.9028062409487116	0.0014755307812115747	2.7324644096510642e-05	2.7324644096510642e-05	2.7324644096510642e-05	2.7324644096510642e-05	2.7324644096510642e-05	2.7324644096510642e-05	2.7324644096510642e-05	2.7324644096510642e-05
	70	168	169	206	207	208	249	251	252	253	254	297	357	458	487
215057_merged	1.7034324163188825e-05	3.406864832637765e-05	0.003883825909207052	1.7034324163188825e-05	0.00023848053828464356	1.7034324163188825e-05	3.406864832637765e-05	0.0002044118899582659	0.09159356102546631	0.8898730942849843	0.013985180137978026	3.406864832637765e-05	1.7034324163188825e-05	1.7034324163188825e-05	3.406864832637765e-05
	84	164	165	167	168	169	170	172	206	207	251	252	253	254	301	315	359	367	412	425
215058_merged	2.9316056404092522e-05	0.00020521239482864764	0.00014658028202046262	5.8632112808185045e-05	0.0007915335229104981	0.08316965201841048	8.794816921227756e-05	2.9316056404092522e-05	5.8632112808185045e-05	0.0051009938143120985	0.00020521239482864764	0.07698396411714696	0.8075987218199407	0.02532907273313594	2.9316056404092522e-05	2.9316056404092522e-05	2.9316056404092522e-05	2.9316056404092522e-05	2.9316056404092522e-05	5.8632112808185045e-05
	167	168	169	207	250	251	252	253	254	255	257	305	307	347	365	425	438
215061_merged	3.1413941507240916e-05	0.00034555335657965005	0.04796908868155687	0.004335123927999246	3.1413941507240916e-05	0.00037696729808689097	0.1255301102629347	0.8117676624886124	0.009110043037099865	0.00012565576602896367	0.00015706970753620456	3.1413941507240916e-05	3.1413941507240916e-05	3.1413941507240916e-05	3.1413941507240916e-05	6.282788301448183e-05	3.1413941507240916e-05
	99	164	165	167	168	169	170	183	206	207	250	251	252	253	254	255	328	345	357	412	423	425
215062_merged	6.99422976044763e-05	0.00017485574401119076	6.99422976044763e-05	3.497114880223815e-05	0.0011890190592760972	0.08844203532086028	6.99422976044763e-05	3.497114880223815e-05	3.497114880223815e-05	0.02045812204930932	0.00010491344640671447	0.0005245672320335723	0.11222241650638223	0.7587690155621613	0.016156670746634027	0.0005245672320335723	3.497114880223815e-05	3.497114880223815e-05	3.497114880223815e-05	0.0007343941248470012	6.99422976044763e-05	0.00020982689281342893
	35	42	164	168	169	170	207	233	249	250	251	252	253	254	297	302	305	339	357	376	383	408	412	426	428	460	461	487
215067_merged	1.9788265558523794e-05	1.9788265558523794e-05	3.957653111704759e-05	0.00011872959335114278	0.019669535965172652	3.957653111704759e-05	0.0012862372613040467	1.9788265558523794e-05	3.957653111704759e-05	7.915306223409518e-05	0.0004155535767289997	0.13050361135846444	0.8449985158800831	0.002414168398139903	1.9788265558523794e-05	1.9788265558523794e-05	1.9788265558523794e-05	1.9788265558523794e-05	5.936479667557139e-05	1.9788265558523794e-05	1.9788265558523794e-05	1.9788265558523794e-05	1.9788265558523794e-05	1.9788265558523794e-05	1.9788265558523794e-05	1.9788265558523794e-05	1.9788265558523794e-05	3.957653111704759e-05
	35	99	154	164	168	169	207	208	213	250	251	252	253	254	278	412
215074_merged	0.00011364927832708262	5.682463916354131e-05	5.682463916354131e-05	0.00011364927832708262	0.0007955449482895784	0.06705307421297875	0.010171610410273894	5.682463916354131e-05	0.00011364927832708262	0.00022729855665416524	0.00011364927832708262	0.07023525400613706	0.8486759859074895	0.0019320377315604046	5.682463916354131e-05	0.00022729855665416524
	35	167	169	207	250	251	252	253	254	295	339	377
215075_merged	6.395906619763352e-05	2.1319688732544504e-05	0.008826351135273426	0.0005329922183136127	4.263937746508901e-05	0.00010659844366272253	0.021298369043811962	0.9631382581814305	0.005841594712717195	4.263937746508901e-05	6.395906619763352e-05	2.1319688732544504e-05
	164	168	169	207	250	251	252	253	254	320	344	352	374	412
215076_merged	2.4301927142822426e-05	0.0001944154171425794	0.01594206420569151	0.0028433254757102237	4.860385428564485e-05	0.00029162312571386913	0.026100269751391285	0.9487229337286447	0.005686650951420447	2.4301927142822426e-05	2.4301927142822426e-05	2.4301927142822426e-05	2.4301927142822426e-05	4.860385428564485e-05
	164	168	169	172	207	250	251	252	253	254	255	297	349	357	402	412
215077_merged	4.237737048416146e-05	0.00010594342621040364	0.012119927958470177	2.118868524208073e-05	0.0011018116325881978	2.118868524208073e-05	0.00023307553766288802	0.05295052441995974	0.9325352261892149	0.0007204152982307448	4.237737048416146e-05	2.118868524208073e-05	2.118868524208073e-05	2.118868524208073e-05	2.118868524208073e-05	2.118868524208073e-05
	65	79	168	169	206	207	251	252	253	254	255	272	278	290	297	350	357	412
215080_merged	9.498480243161094e-05	1.899696048632219e-05	0.00011398176291793312	0.01094224924012158	1.899696048632219e-05	0.0008168693009118542	0.00015197568389057752	0.09000759878419452	0.8920212765957447	0.00547112462006079	3.799392097264438e-05	5.699088145896656e-05	1.899696048632219e-05	0.00011398176291793312	1.899696048632219e-05	1.899696048632219e-05	3.799392097264438e-05	3.799392097264438e-05
	35	42	100	164	165	168	169	207	243	250	251	252	253	254	261	297	331	382	405	412
215084_merged	6.637902422834384e-05	6.637902422834384e-05	6.637902422834384e-05	0.00019913707268503152	6.637902422834384e-05	0.0005310321938267507	0.07653501493528045	0.013873216063723864	6.637902422834384e-05	0.0007301692665117823	0.00039827414537006305	0.09352804513773648	0.8044473946232991	0.008496515101228012	6.637902422834384e-05	6.637902422834384e-05	6.637902422834384e-05	0.00013275804845668768	6.637902422834384e-05	0.0005310321938267507
	35	67	89	164	165	168	169	170	198	207	226	251	252	253	254	255	257	297	412	425
215085_merged	5.711348449368896e-05	5.711348449368896e-05	0.00022845393797475585	0.00017134045348106688	0.00011422696898737793	0.003255468616140271	0.3933405677080359	5.711348449368896e-05	0.00011422696898737793	0.021074875778171225	5.711348449368896e-05	0.0003997943914558227	0.0595122508424239	0.5055685647381347	0.014107030669941173	0.00011422696898737793	0.001484950596835913	5.711348449368896e-05	0.00017134045348106688	5.711348449368896e-05
	168	169	170	207	249	250	251	252	253	254	296
219633_merged	0.0005338078291814947	0.06444246737841045	8.896797153024912e-05	0.002372479240806643	2.9655990510083035e-05	5.931198102016607e-05	8.896797153024912e-05	0.04418742586002373	0.818920521945433	0.06924673784104389	2.9655990510083035e-05
	35	99	119	155	164	165	167	168	169	207	250	251	252	253	254	280	294	305	307	327	356	380	388	393	412	423	425
219634_merged	3.2311221687291994e-05	3.2311221687291994e-05	6.462244337458399e-05	3.2311221687291994e-05	0.00019386733012375198	6.462244337458399e-05	3.2311221687291994e-05	0.0018094284144883517	0.10342822062102168	0.009176386959190926	6.462244337458399e-05	0.00038773466024750395	0.05347507189246825	0.7247083912242722	0.10594849591263046	3.2311221687291994e-05	3.2311221687291994e-05	3.2311221687291994e-05	3.2311221687291994e-05	3.2311221687291994e-05	3.2311221687291994e-05	3.2311221687291994e-05	3.2311221687291994e-05	3.2311221687291994e-05	9.693366506187599e-05	0.00012924488674916798	3.2311221687291994e-05
	35	169	252	253	254	328
219637_merged	0.01556420233463035	0.14396887159533073	0.011673151750972763	0.8054474708171206	0.011673151750972763	0.011673151750972763
	35	42	168	169	170	207	248	250	251	252	253	254
219638_merged	3.110419906687403e-05	3.110419906687403e-05	6.220839813374805e-05	0.004074650077760498	3.110419906687403e-05	6.220839813374805e-05	6.220839813374805e-05	3.110419906687403e-05	0.0002488335925349922	0.08052877138413686	0.908398133748056	0.006438569206842924
	99	168	169	207	221	250	251	252	253	254	278	296	418	422
219643_merged	2.4505599529492488e-05	0.0002205503957654324	0.01673732447864337	0.0014213247727105644	9.802239811796995e-05	9.802239811796995e-05	0.0003920895924718798	0.12059205528463254	0.8551964123802289	0.004925625505427991	2.4505599529492488e-05	2.4505599529492488e-05	0.0002205503957654324	2.4505599529492488e-05
	168	169	170	207	209	251	252	253	254	295	297	328	365	407	422	487
219644_merged	0.00015818404713884604	0.03361411001700478	1.9773005892355755e-05	0.00017795705303120182	1.9773005892355755e-05	0.0005140981532012497	0.07308102977814687	0.8737889033890932	0.018448214497567922	1.9773005892355755e-05	1.9773005892355755e-05	1.9773005892355755e-05	1.9773005892355755e-05	1.9773005892355755e-05	1.9773005892355755e-05	5.931901767706727e-05
	154	166	168	169	170	207	249	250	251	252	253	254	293	412
219645_merged	5.792288533199467e-05	3.8615256887996446e-05	7.723051377599289e-05	0.003707064661247659	1.9307628443998223e-05	0.0002316915413279787	3.8615256887996446e-05	3.8615256887996446e-05	0.0002509991697719769	0.00988550576332709	0.9854420481532253	0.00017376865599598402	1.9307628443998223e-05	1.9307628443998223e-05
	168	169	207	251	252	253	254	256	297	350	412	487
219646_merged	0.00015532429493864692	0.02389775223556039	0.0014201078394390574	4.4378369982470545e-05	0.009785430581134754	0.9641422770541638	0.0002884594048860585	4.4378369982470545e-05	2.2189184991235272e-05	2.2189184991235272e-05	0.00015532429493864692	2.2189184991235272e-05
	59	164	168	169	207	209	226	250	251	252	253	254	294	296	320	328	369	393	412	439	487
219651_merged	1.7587983889406758e-05	1.7587983889406758e-05	8.793991944703378e-05	0.006243734280739399	0.0003341716938987284	3.5175967778813516e-05	3.5175967778813516e-05	1.7587983889406758e-05	0.0004045236294563554	0.12513850537312907	0.8648539317937984	0.0026381975834110136	1.7587983889406758e-05	1.7587983889406758e-05	1.7587983889406758e-05	1.7587983889406758e-05	1.7587983889406758e-05	1.7587983889406758e-05	3.5175967778813516e-05	1.7587983889406758e-05	1.7587983889406758e-05
	99	164	165	166	168	169	193	207	209	247	251	252	253	254	296	297	356	362	388	412	433	487
219652_merged	4.006490514633707e-05	2.0032452573168534e-05	2.0032452573168534e-05	2.0032452573168534e-05	0.00014022716801217973	0.009715739497986738	2.0032452573168534e-05	0.0003605841463170336	6.00973577195056e-05	6.00973577195056e-05	0.0005809411246218874	0.14211021855405756	0.845008914441395	0.0016626935635729882	2.0032452573168534e-05	2.0032452573168534e-05	2.0032452573168534e-05	2.0032452573168534e-05	2.0032452573168534e-05	2.0032452573168534e-05	4.006490514633707e-05	2.0032452573168534e-05
	164	165	166	167	168	169	207	251	252	253	254	295	297	357	361	367	368	394	396	406	412	433
219653_merged	9.356944022082388e-05	4.678472011041194e-05	2.339236005520597e-05	4.678472011041194e-05	0.0003041006807176776	0.03588388032468596	0.000701770801656179	0.00042106248099370747	0.11969870640248895	0.8294229104774381	0.013076329270860138	2.339236005520597e-05	2.339236005520597e-05	4.678472011041194e-05	2.339236005520597e-05	2.339236005520597e-05	2.339236005520597e-05	2.339236005520597e-05	2.339236005520597e-05	2.339236005520597e-05	2.339236005520597e-05	2.339236005520597e-05
	35	168	169	207	249	250	251	252	253	254	255	353	359	376	425	487
219654_merged	5.6936259857089986e-05	0.00025621316935690495	0.03843197540353574	0.0007401713781421699	2.8468129928544993e-05	5.6936259857089986e-05	0.0005124263387138099	0.10410795114868904	0.8135906852278874	0.04201895977453241	2.8468129928544993e-05	2.8468129928544993e-05	2.8468129928544993e-05	2.8468129928544993e-05	5.6936259857089986e-05	2.8468129928544993e-05
	42	169	207	209	250	251	252	253	254	269	300	452
219655_merged	2.1611808692269457e-05	0.00514361046876013	0.0002809535129995029	6.483542607680837e-05	2.1611808692269457e-05	0.00010805904346134728	0.02818179853471937	0.965918177692291	0.0001945062782304251	2.1611808692269457e-05	2.1611808692269457e-05	2.1611808692269457e-05
	164	168	169	189	207	250	251	252	253	254	341	349	382	388	412	423	425
219656_merged	0.000117407639323732	0.0013697557921102067	0.13368816530995617	3.913587977457733e-05	0.006418284283030683	7.827175954915466e-05	0.00015654351909830932	0.029312773951158423	0.8276064495929869	0.000352222917971196	3.913587977457733e-05	3.913587977457733e-05	3.913587977457733e-05	3.913587977457733e-05	0.0005479023168440826	3.913587977457733e-05	0.000117407639323732
	35	162	168	169	207	250	251	252	253	254	299	360	370	393	423	425	487
219657_merged	0.0001019082316374105	5.095411581870525e-05	7.643117372805789e-05	0.01773203230490943	0.001503146416651805	0.00015286234745611577	0.0004585870423683473	0.19691218058138646	0.782527833685766	0.00022929352118417366	2.5477057909352627e-05	2.5477057909352627e-05	2.5477057909352627e-05	2.5477057909352627e-05	5.095411581870525e-05	7.643117372805789e-05	2.5477057909352627e-05
	42	169	251	252	253
219658_merged	0.0009341429238673517	0.017748715553479684	0.0009341429238673517	0.185894441849603	0.7944885567491826
	169	207	251	252	253	254	255
219659_merged	0.00367249945992655	0.0012961762799740765	0.00043205875999135883	0.1039101317779218	0.8448909051631022	0.04450205227910996	0.0012961762799740765
	99	164	165	167	168	169	170	174	206	207	250	252	253	254	320	345	351	357	383	392	395	412	425
219668_merged	8.59697386519945e-05	0.001203576341127923	0.0005158184319119669	0.000171939477303989	0.008511004126547456	0.826856946354883	0.000171939477303989	0.000171939477303989	0.00025790921595598347	0.027768225584594224	0.0007737276478679505	0.02295392022008253	0.10694635488308116	0.000687757909215956	0.000171939477303989	8.59697386519945e-05	8.59697386519945e-05	0.000171939477303989	8.59697386519945e-05	0.000171939477303989	8.59697386519945e-05	0.001547455295735901	0.0005158184319119669
	35	164	167	168	169	207	208	209	251	252	253	254	257	297	301	412	432	447	487
219669_merged	1.8161675232923484e-05	9.080837616461743e-05	3.632335046584697e-05	0.0005085269065218576	0.026279944062040282	0.0004903652312889341	1.8161675232923484e-05	1.8161675232923484e-05	0.00030874847895969923	0.08641325075824995	0.8821125660630936	0.003559688345653003	1.8161675232923484e-05	1.8161675232923484e-05	1.8161675232923484e-05	1.8161675232923484e-05	1.8161675232923484e-05	1.8161675232923484e-05	3.632335046584697e-05
	99	164	167	168	169	170	207	250	251	252	253	254	281	292	294	314	328	357	376	412	423	425	434	458	460	487
219670_merged	0.0001889185760937036	0.00010795347205354492	2.698836801338623e-05	0.0007826626723882007	0.06517690875232775	2.698836801338623e-05	0.0029957088494858715	8.096510404015869e-05	0.000350848784174021	0.1019350659865598	0.8267886540900872	0.00045880225622756593	2.698836801338623e-05	2.698836801338623e-05	2.698836801338623e-05	2.698836801338623e-05	2.698836801338623e-05	2.698836801338623e-05	2.698836801338623e-05	0.0003778371521874072	2.698836801338623e-05	0.00032386041616063474	2.698836801338623e-05	2.698836801338623e-05	2.698836801338623e-05	8.096510404015869e-05
	168	169	170	207	250	251	252	253	254	255	297	340	348	393
219675_merged	7.939028262940616e-05	0.013125860061395152	2.6463427543135387e-05	0.00015878056525881233	2.6463427543135387e-05	0.0016936593627606647	0.5321530644649095	0.45231290356727005	0.0002381708478882185	5.292685508627077e-05	5.292685508627077e-05	2.6463427543135387e-05	2.6463427543135387e-05	2.6463427543135387e-05
	168	169	170	207	239	250	251	252	253	254	267	296	412	487
219676_merged	0.00010520557168707655	0.008942473593401506	2.104111433741531e-05	0.0004418634010857215	2.104111433741531e-05	6.312334301224592e-05	0.0013255902032571645	0.4837773008458528	0.5048815385262804	0.00031561671506122964	2.104111433741531e-05	2.104111433741531e-05	2.104111433741531e-05	4.208222867483062e-05
	35	168	169	170	207	227	248	251	252	253	254	255	278	358	487
219691_merged	0.00011173496466381743	0.000391072376323361	0.06463867705801839	8.380122349786307e-05	0.0009497471996424481	5.586748233190871e-05	5.586748233190871e-05	0.0001396687058297718	0.035559652504259895	0.895360205592335	0.0024581692226039835	5.586748233190871e-05	2.7933741165954356e-05	2.7933741165954356e-05	8.380122349786307e-05
	35	86	168	169	252	253	254
219692_merged	0.005141388174807198	0.002570694087403599	0.005141388174807198	0.02570694087403599	0.2236503856041131	0.42930591259640105	0.30848329048843187
	99	165	168	169	170	207	250	251	252	253	254	356	363	408	412	418	424
219693_merged	5.1964248596965285e-05	0.00015589274579089587	0.0010392849719393059	0.14643525254624817	0.00010392849719393057	0.0033776761588027436	0.00015589274579089587	5.1964248596965285e-05	0.10366867595094575	0.7434005404281854	0.0010392849719393059	5.1964248596965285e-05	5.1964248596965285e-05	5.1964248596965285e-05	0.00015589274579089587	0.00015589274579089587	5.1964248596965285e-05
	108	164	165	168	169	170	171	207	251	252	253	254	308	357	365	397	412	425
222170_merged	0.00013048016701461377	6.524008350730688e-05	6.524008350730688e-05	0.0005219206680584551	0.05519311064718163	6.524008350730688e-05	0.00013048016701461377	0.005610647181628393	0.00026096033402922753	0.04429801670146138	0.8915057411273486	0.000587160751565762	6.524008350730688e-05	0.00019572025052192068	6.524008350730688e-05	6.524008350730688e-05	0.0009786012526096033	0.00019572025052192068
	99	164	168	169	170	173	183	207	219	250	251	252	253	254	276	289	295	296	297	305	308	412	425
222171_merged	3.66152832192157e-05	0.0001464611328768628	0.0009519973636996082	0.06294167185383179	3.66152832192157e-05	3.66152832192157e-05	0.0003295375489729413	0.009886126469188239	3.66152832192157e-05	3.66152832192157e-05	0.0002563069825345099	0.049247555929845116	0.8754348064882281	0.0001464611328768628	3.66152832192157e-05	3.66152832192157e-05	7.32305664384314e-05	3.66152832192157e-05	3.66152832192157e-05	3.66152832192157e-05	3.66152832192157e-05	0.0001098458496576471	7.32305664384314e-05
	168	169	207	250	251	252	253	254	297	298	412
224323_merged	8.869572930063417e-05	0.006363918577320502	0.0010865226839327686	6.652179697547563e-05	0.00028826112022706105	0.03394829038981773	0.9575590935296465	0.0005100004434786465	2.2173932325158542e-05	2.2173932325158542e-05	4.4347864650317085e-05
	35	165	168	169	207	250	251	252	253	254	297	298	386
224324_merged	1.786448005430802e-05	1.786448005430802e-05	5.359344016292406e-05	0.01371992068170856	0.0006609857620093967	3.572896010861604e-05	0.00014291584043446415	0.017274952212515855	0.9676652911017025	0.00033942512103185237	3.572896010861604e-05	1.786448005430802e-05	1.786448005430802e-05
	77	157	164	168	169	207	209	251	252	253	254	282	295	296	297	360	372	382	412	487
224325_merged	1.6653343991473487e-05	1.6653343991473487e-05	4.996003197442046e-05	6.661337596589395e-05	0.009825472954969357	0.00048294697575273116	1.6653343991473487e-05	0.0003330668798294698	0.06709632294164668	0.9060251798561151	0.015737410071942445	1.6653343991473487e-05	0.00011657340794031442	6.661337596589395e-05	1.6653343991473487e-05	1.6653343991473487e-05	1.6653343991473487e-05	1.6653343991473487e-05	4.996003197442046e-05	1.6653343991473487e-05
	107	168	169	207	209	210	249	250	251	252	253	254	295	296	298	359	366	459
224326_merged	2.7193495315920432e-05	2.7193495315920432e-05	0.004092621045046025	4.079024297388065e-05	1.3596747657960216e-05	2.7193495315920432e-05	1.3596747657960216e-05	4.079024297388065e-05	0.00023114471018532368	0.04739826233564931	0.9277060927026255	0.020286347505676643	1.3596747657960216e-05	2.7193495315920432e-05	1.3596747657960216e-05	1.3596747657960216e-05	1.3596747657960216e-05	1.3596747657960216e-05
	168	169	251	252	253	254	256	265	266	297	382	403	412
224327_merged	1.7023594702257328e-05	0.001957713390759593	0.0001872595417248306	0.022420074222872902	0.9751625753294065	0.0001191651629158013	1.7023594702257328e-05	1.7023594702257328e-05	1.7023594702257328e-05	1.7023594702257328e-05	1.7023594702257328e-05	1.7023594702257328e-05	3.4047189404514656e-05
	169	207	251	252	253	254	294	295	296	297	322
224328_merged	0.0011941090619609924	4.9754544248374685e-05	0.00014926363274512405	0.017065808677192516	0.9811927822741143	0.00024877272124187343	1.658484808279156e-05	1.658484808279156e-05	3.316969616558312e-05	1.658484808279156e-05	1.658484808279156e-05
	35	46	164	165	168	169	175	207	209	251	252	253	254	296	299	355	357	392	411	412	487
224330_merged	1.98404825205349e-05	3.96809650410698e-05	3.96809650410698e-05	1.98404825205349e-05	0.00021824530772588389	0.022618150073409785	1.98404825205349e-05	0.0007539383357803262	3.96809650410698e-05	0.00011904289512320939	0.042974485139478595	0.921511051148764	0.011447958414348636	1.98404825205349e-05	1.98404825205349e-05	1.98404825205349e-05	3.96809650410698e-05	1.98404825205349e-05	1.98404825205349e-05	1.98404825205349e-05	1.98404825205349e-05
	63	94	165	168	169	179	207	251	252	253	254	296	325	345	386	390	411	412	425
224844_merged	3.6644801934845545e-05	7.328960386969109e-05	0.00014657920773938218	0.0008428304445014475	0.12151416321594782	7.328960386969109e-05	0.010626992561105207	7.328960386969109e-05	0.018798783392575763	0.842463996482099	0.004800469053464766	7.328960386969109e-05	3.6644801934845545e-05	7.328960386969109e-05	3.6644801934845545e-05	3.6644801934845545e-05	3.6644801934845545e-05	3.6644801934845545e-05	0.00021986881160907326
	35	164	165	168	169	170	203	206	207	249	250	251	252	253	254	294	340	396	412	440	487
224845_merged	2.0092425155716293e-05	4.018485031143259e-05	2.0092425155716293e-05	0.00046212577858147476	0.027305605786618444	2.0092425155716293e-05	2.0092425155716293e-05	6.027727546714889e-05	0.00395820775567611	4.018485031143259e-05	0.00010046212577858148	0.00012055455093429777	0.026381354229455495	0.9377335744424352	0.0035764516777175006	2.0092425155716293e-05	2.0092425155716293e-05	2.0092425155716293e-05	4.018485031143259e-05	2.0092425155716293e-05	2.0092425155716293e-05

