	39	99	164	165	167	168	169	171	207	249	250	251	252	253	254	255	297	333	373	412	487
206534_merged	1	1	8	1	1	12	1091	1	94	3	3	18	3222	37033	97	1	1	1	1	2	1
	42	50	51	85	154	165	168	169	207	219	250	251	252	253	254	256	297	303	400	425
206536_merged	2	1	1	1	1	1	14	2082	290	1	21	24	3148	30785	17	5	1	1	1	1
	35	164	165	168	169	170	207	251	252	253	254	256	334	369	412	423	486
206538_merged	2	3	1	39	1884	1	382	12	1658	15729	20	4	1	1	2	3	1
	35	164	167	168	169	200	207	251	252	253	254	255	295	297	342	355	418
206547_merged	5	6	2	23	2934	1	184	18	3570	26224	69	2	2	1	1	1	1
	35	164	166	168	169	170	173	193	206	207	227	250	251	252	253	254	296	313	340	356	364	379	389
206548_merged	3	2	1	35	3755	3	1	1	1	205	5	2	5	888	11387	15	1	1	1	1	1	1	1
	35	169	185	251	252	253	254	296	356	487
206561_merged	1	5	1	6	1679	16580	34	1	1	1
	100	168	169	207	209	217	251	252	253	254	256	297	368	378	412
206562_merged	2	15	1936	48	1	1	11	1590	29549	17	2	1	1	1	1
	35	164	165	168	169	174	207	251	252	253	254	255	342	355	412	447	487
206563_merged	1	1	4	32	1581	2	149	9	1937	33878	146	2	1	1	1	1	1
	100	149	164	165	167	168	169	170	207	250	252	253	254	305	341	357	412	425
206564_merged	1	10	3	2	3	62	7387	5	305	3	139	4766	1	1	1	6	4	6
	35	164	165	168	169	207	209	219	251	252	253	254	345	364
206569_merged	3	1	1	7	941	46	1	1	6	2048	48649	451	2	1
	107	164	168	169	170	207	219	250	251	252	253	254	255	276	278	297	369
206570_merged	1	1	2	243	1	20	1	4	9	2243	59116	1076	1	1	1	2	1
	35	168	169	170	206	207	250	251	252	253	254	278	296	366	383	412
206571_merged	2	35	1356	1	3	201	2	6	741	29315	19	1	1	1	1	2
	35	164	168	169	170	207	250	251	252	253	254	307	392	410
206572_merged	1	4	17	1441	1	190	6	5	623	29648	23	1	1	1
	164	168	169	207	250	251	252	253	254	255	282	296	298	347	422
206603_merged	1	4	434	24	1	9	1514	53538	22	1	4	2	1	1	1
	78	164	165	167	168	169	206	207	250	251	252	253	254	297	357	383	409	412	487
206604_merged	1	2	3	1	18	1704	1	346	6	7	897	19081	351	1	5	2	3	5	1
	168	169	170	207	250	251	252	253	254
206605_merged	1	484	2	105	4	7	1051	27943	52
	94	154	164	165	167	168	169	206	207	251	252	253	254	295	297	354	375	387	393	412	425	474
206608_merged	2	3	11	1	2	39	1976	2	376	9	1850	30220	87	1	1	1	1	1	1	2	2	1
	164	167	168	169	170	207	250	251	252	253	254	296	297	335	412
206609_merged	1	2	31	2769	2	224	7	5	1801	20822	156	1	1	1	1
	99	164	165	167	168	169	170	182	207	248	250	251	252	253	254	352	357	363	400	412
206614_merged	1	14	3	1	72	6318	4	1	491	3	8	3	272	4147	15	1	4	1	1	7
	154	164	165	168	169	170	206	207	250	251	252	253	254	412	425
206615_merged	2	6	3	95	8649	3	1	303	3	2	1105	11991	53	4	4
	35	42	169	207	253
206616_merged	3	2	35	1	191
	61	72	74	76	77	95	96	164	167	168	169	170	207	251	252	253	254	294	364	412	423
206617_merged	2	1	2	1	1	2	2	9	2	41	5238	2	104	1	286	2849	24	1	1	1	12
	35	42	164	165	168	169	207	252	253	254	389
206618_merged	3	2	1	1	17	2053	29	140	2965	12	1
	168	169	206	251	252	253
206619_merged	7	867	1	6	594	5746
	35	42	169	170	252	253
206620_merged	5	4	73	1	40	152
	169	252	253
206621_merged	17	2	84
	168	169	207	250	252	253	254	425
206622_merged	6	1263	1	1	286	13778	27	2
	35	169	252	253	254	404
206623_merged	1	1	4	298	224	1
	35	42	169	221	251	252	253	254	256
206624_merged	2	3	32	4	2	59	1618	145	8
	68	70	84	87	92	93	94	168	169	251	252	253	353
206625_merged	1	1	1	1	1	2	5	2	253	1	150	3459	1
	35	42	168	169	211	252	253	341
206626_merged	2	4	4	331	2	53	526	1
	35	42	169	252	253
206627_merged	8	1	32	3	102
	164	168	169	207	252	253	254
206628_merged	1	12	1911	12	230	628	14
	35	164	165	167	168	169	170	171	172	173	174	175	176	177	178	179	180	181	184	185	186	190	199	205	206	207	210	212	214	219	220	221	222	223	224	250	251	252	253	254	255	256	297	328	337	360	364	384	401	404	412
206629_merged	2	6	4	9	136	418	791	1019	651	65	16	10	1	1	2	2	1	1	1	1	1	1	1	1	1	621	1	1	1	2	2	2	2	2	1	1	3	1009	9243	176	1	1	1	1	1	1	1	1	1	1	12
	99	100	164	165	167	168	169	170	171	172	173	174	176	178	206	207	208	216	218	222	227	251	252	253	254	256	284	286	294	295	298	299	360	405	412	423	425
206630_merged	1	5	8	5	11	274	627	888	715	336	31	7	3	1	1	742	1	1	2	1	1	5	1404	14249	88	1	1	1	1	1	1	1	2	1	16	7	6
	168	169	170	171	172	207	251	252	253	254	369
206635_merged	4	529	2	1	1	10	10	2068	49607	120	1
	35	42	130	169	223	252	253	254
206636_merged	1	2	2	41	1	131	1049	26
	94	162	164	165	167	168	169	170	207	250	251	252	253	254	272	278	343	369	400	403	412	459	461	487
206643_merged	3	1	13	6	2	91	5536	3	246	1	7	1129	36140	118	4	1	1	1	1	1	3	1	1	1
	75	164	168	169	179	207	234	250	251	252	253	254	293	294	344	356	357	374	400	412	425
206644_merged	1	4	27	2877	1	215	1	2	1	371	16509	7	2	1	1	1	1	1	1	2	10
	72	79	95	97	164	168	169	170	207	252	253	368	425
206645_merged	1	3	7	1	4	3	972	2	11	143	1402	1	3
	163	164	165	168	169	207	243	250	251	252	253	254	278	280	295	308	321	356	367	412	487
206646_merged	1	3	4	24	637	164	1	1	13	2459	52324	122	1	1	5	1	1	1	1	1	1
	164	165	168	169	170	207	247	251	252	253	254	296	297	459	487
206647_merged	2	3	21	2069	1	56	2	7	2151	50850	116	2	1	1	4
	165	167	168	169	170	207	251	252	253	254	278	296	297	345	352	385	460
206648_merged	1	2	48	5318	1	74	6	1015	39385	9	1	1	1	1	1	1	1
	99	164	165	168	169	170	206	207	250	251	252	253	254	260	324	352	357	359	412	425	428	487
206655_merged	1	14	4	96	5554	2	9	633	2	2	219	4702	4	2	1	1	4	1	5	1	1	1
	168	169	207	251	252	253	254	382	487
206656_merged	2	597	29	1	413	3295	2	1	1
	99	169	207	242	250	251	252	253	254	295	296	297
206657_merged	4	198	50	1	9	22	9803	41799	417	1	1	1
	97	99	164	167	168	169	170	175	207	250	251	252	253	254	260	293	294	295	296	317	340	341	357	370	375	405	412	425
206658_merged	1	1	5	1	63	3089	3	1	47	1	23	5309	32041	398	1	6	9	15	6	1	1	1	1	1	1	1	5	2
	35	42	164	165	168	169	170	181	207	220	228	250	251	252	253	254	294	295	319	326	333	344	357	368	412
206659_merged	2	1	7	3	46	3802	2	1	187	1	1	3	43	11089	20424	185	2	2	1	1	1	1	1	1	2
	168	169	207	249	250	251	252	253	254	271	293	295	330	340	343	378	400	487
206660_merged	9	559	28	2	4	55	20824	30971	1036	1	1	2	1	1	1	1	1	1
	35	42	164	168	169	207	251	252	253	254	296	346	487
206667_merged	1	2	5	18	1603	78	5	1115	23549	184	3	1	1
	164	165	167	168	169	207	252	253	254	257	343
206668_merged	2	1	1	19	1503	23	64	1397	77	4	2
	169	252	253
206669_merged	75	8	195
	98	117	168	169	207	209	219	251	252	253	254	255	295	296	328	487
206670_merged	1	1	11	910	64	1	1	22	4117	51021	16	1	8	2	1	1
	35	164	167	168	169	207	250	251	252	253	254	367	374	412	423
206671_merged	1	3	2	21	3710	29	9	12	2908	28457	11	1	1	4	2
	35	99	100	164	165	167	168	169	170	207	209	250	251	252	253	254	260	294	295	296	297	350	386	412
206672_merged	4	2	4	3	1	2	62	5591	4	81	1	4	5	1580	21736	7	1	2	4	1	1	1	1	8
	118	164	165	167	168	169	170	206	207	242	250	251	252	253	254	262	295	297	322	338	357	365	367	375	383	389	399	412
206673_merged	1	10	4	3	40	3483	1	5	210	1	5	9	2106	33201	127	1	3	1	1	1	2	1	1	1	1	1	1	1
	35	99	164	165	168	169	170	179	206	207	250	251	252	253	254	260	286	350	351	357	389	412	487
206675_merged	2	5	28	15	236	11229	6	1	1	774	6	4	507	8220	11	2	1	1	1	1	1	4	1
	35	36	99	164	165	168	169	170	187	206	207	250	251	252	253	254	296	297	336	369	370	412	415
206676_merged	1	1	2	13	6	82	7690	6	2	3	354	9	2	662	12125	58	1	1	1	1	1	4	1
	39	164	167	168	169	170	203	207	227	250	251	252	253	254	296	328	346	357	388	412	417	418
206677_merged	4	2	2	59	4917	1	24	154	5	1	3	1300	14071	62	1	1	1	1	1	1	1	101
	164	165	167	168	169	170	195	206	207	208	243	251	252	253	254	256	294	387	397	412	419	425	460	487
206678_merged	28	3	3	104	8260	2	10	6	602	1	2	6	1240	17384	79	22	1	1	1	6	3	3	1	1
	168	169	207	251	252	253	254	376
206681_merged	3	734	7	1	571	3124	1	1
	97	99	168	169	170	207	252	253	295	341	412	425
206682_merged	1	1	38	4485	3	51	189	785	1	1	9	2
	35	39	164	168	169	170	179	207	250	251	252	253	254	296	369	400	412	425	430
206683_merged	2	1	6	46	2257	1	1	90	1	6	1818	47681	95	2	1	1	2	1	1
	35	164	168	169	170	206	207	215	251	252	253	254	293	377	413
206684_merged	1	4	14	1515	1	1	51	1	20	1486	49888	61	1	1	1
	51	164	165	167	168	169	170	198	206	207	249	250	251	252	253	254	296	334	345	368	372
206695_merged	4	6	1	1	54	6997	3	1	1	191	1	16	10	201	2041	13	1	1	1	1	1
	80	168	169	207	247	250	251	252	253	254	298	359	360	392	400	412	487
206700_merged	1	3	480	2	2	6	63	19378	57944	23	1	1	1	1	1	1	1
	39	85	99	131	164	165	167	168	169	170	171	175	207	250	251	252	253	254	295	296	341	361	371	406
206701_merged	1	1	1	1	7	1	5	79	9881	1	1	1	143	3	3	212	15917	48	2	1	1	1	2	1
	164	165	168	169	175	206	207	250	251	252	253	254	295	297	341	347	356	357	361	364	372	391	399	403	425	426
206702_merged	9	2	36	3579	1	8	271	7	4	279	35523	46	1	1	1	1	1	1	1	1	1	1	1	1	6	1
	164	168	169	207	250	251	252	253	254	256	295	297	328	354	412	487
206703_merged	1	2	62	4	3	7	2859	42611	20	2	2	1	1	1	2	1
	169	207	209	247	251	252	253	254	292	293	294	295	297	328	343	366	397	411	430	460	487
206704_merged	45	1	3	1	26	5128	45273	71	3	9	21	8	1	3	1	1	1	1	1	1	1
	134	143	154	168	169	207	250	251	252	253	254	260	294	295	296	297	357
206708_merged	1	1	1	9	698	51	2	8	2258	40489	40	2	1	1	1	2	1
	169	207	251	252	253	254	294	295	296	297
206709_merged	372	14	3	1010	43290	54	1	5	1	1
	169	207	251	252	253	254	282	295	329	355
206710_merged	84	3	21	4196	43106	17	1	2	1	1
	168	169	249	251	252	253	254	297	339	418	487
206711_merged	2	246	1	12	5095	55254	13	1	1	1	2
	168	169	207	251	252	253	254	296	297	341
206712_merged	2	20	1	9	1589	50702	17	2	1	1
	169	186	207	250	251	252	253	254	295	296	356	363	370	461	487
206713_merged	160	1	2	1	12	1069	48904	37	1	1	1	1	1	1	1
	169	251	252	253	254	412
206718_merged	11	4	669	36445	228	1
	169	207	209	250	251	252	253	254	361	460	487
206719_merged	52	1	1	2	6	1494	48110	210	1	1	1
	168	169	207	250	251	252	253	254	279	280	345	376	412	441	487
206720_merged	1	147	3	1	18	3605	60064	73	1	1	1	1	1	1	1
	168	169	207	221	248	250	251	252	253	254	278	294	295	296	297	328	365	367	373	412
206721_merged	9	681	8	1	3	2	14	4097	58120	94	1	1	1	1	1	1	1	1	1	1
	42	75	169	192	252	253
206723_merged	1	1	11	1	2	158
	35	165	168	169	206	207	212	251	252	253	254	255	295	296	339	345	403
206724_merged	3	1	11	1836	2	56	1	11	945	53020	27	4	2	1	1	2	1
	168	169	251	252	253	254	256	295	296	299	313	322	370	412	413	487
206725_merged	1	32	8	2615	59226	12	1	4	2	1	1	1	1	1	1	4
	169	207	209	251	252	253	254	294	295	296	297	353	401	487
206726_merged	194	1	2	7	2297	59197	12	1	4	3	2	1	1	2
	99	168	169	207	210	250	251	252	253	254	255	296	297	347	487
206727_merged	1	11	1126	15	2	1	15	2604	58597	1547	8	2	1	1	1
	35	164	168	169	206	207	211	220	221	250	251	252	253	254	255	256	292	293	294	295	296	315	325	336	379	381	388	389	408	412
206728_merged	2	2	10	1906	4	75	1	4	1	9	12	3107	57073	1319	2	1	1	2	21	12	1	1	1	1	1	1	1	1	1	1
	164	168	169	207	250	251	252	253	254	255	328	380	398
206729_merged	3	26	3617	48	2	21	7140	27926	62	3	1	1	1
	164	168	169	170	207	252	253	254	260	295	296	297	380	412	421
206730_merged	1	19	2973	1	23	559	16017	14	1	3	2	1	1	3	1
	43	169	207	209	251	252	253	254	297	354	487
206731_merged	1	187	9	2	22	2420	54674	69	1	1	1
	168	169	207	208	251	252	253	254	295	296	297	318	357	412	487
206732_merged	9	1349	34	2	15	1774	51464	127	1	2	1	1	1	1	1
	168	169	207	251	252	253	254	283	295	296	362	412
206733_merged	1	109	1	17	961	64365	83	1	1	2	1	3
	169	207	251	252	253	254	256	261	277	299	360	367	409	437	487
206734_merged	65	1	8	1187	70023	51	2	1	1	1	1	1	1	1	1
	164	168	169	170	206	207	251	252	253	254	293	295	296	332	349	367	399	411	423	425	487
206738_merged	1	14	1805	3	1	43	15	2872	35742	42	1	3	1	1	1	1	1	1	3	2	1
	168	169	174	207	209	226	250	251	252	253	254	278	293	294	295	296	339	373	382	487
206739_merged	2	757	1	2	2	1	3	11	3329	58103	9	1	1	1	4	1	1	1	1	1
	164	165	168	169	170	207	227	250	251	252	253	254	296	297	365	403	412
206740_merged	1	1	8	1830	2	60	1	2	9	1445	34650	33	1	1	1	1	2
	164	168	169	170	207	209	250	251	252	253	254	295	296	298	347	394	403	412
206741_merged	5	18	1849	3	39	1	1	16	2056	49965	91	4	2	1	1	1	1	1
	168	169	207	250	251	252	253	254	296	365	394	411	412	416
206742_merged	2	143	1	1	11	5064	58385	162	1	2	1	1	1	1
	165	168	169	206	207	251	252	253	254	256	261	295	381	431	487
206743_merged	1	11	2144	1	64	2	2749	48785	120	12	1	3	1	1	2
	165	168	169	207	251	252	253	254	297	356
206746_merged	2	2	375	20	8	2673	53439	22	1	1
	169	251	252	253	254	297	334
206747_merged	18	4	1220	41464	8	1	1
	168	169	170	207	209	250	251	252	253	254	351	367	412	487
206750_merged	13	1614	2	24	2	5	32	4326	61736	2164	1	1	1	1
	107	168	169	170	207	251	252	253	254	255	295	335	386	388	389	390	405	461	487
206751_merged	1	1	86	4	3	13	3619	58586	1988	2	1	1	1	1	1	1	1	1	1
	166	168	169	207	251	252	253	254	256	295	296	362	367	392	412	460
206752_merged	1	2	113	3	24	5928	58295	164	2	1	1	1	1	1	1	1
	169	207	250	251	252	253	254	295	296	328	461
206753_merged	292	9	3	15	5270	58966	129	1	1	1	1
	99	164	165	168	169	170	174	207	209	242	251	252	253	254	255	295	297	336	350	353	362	378
206754_merged	1	3	4	22	2442	1	1	79	2	2	13	4311	50157	129	1	1	1	1	1	1	1	1
	168	169	170	250	251	252	253	254	264	295	296	322	324	409	412
206755_merged	1	7	88	1	15	2826	65607	27	1	1	1	1	1	1	1
	35	99	164	169	170	171	207	251	252	253	254	296	355	372
206756_merged	1	1	3	15	510	1	18	18	2227	56106	18	2	1	1
	35	168	169	207	208	250	251	252	253	254	280	282	294	295	296	397
206757_merged	1	3	423	2	1	6	52	13151	52663	13	1	1	3	5	2	1
	168	169	207	250	251	252	253	254	278	295	296	346	359	368	395
206758_merged	4	372	15	2	43	15437	54613	10	1	1	1	1	1	2	1
	154	168	169	170	208	250	251	252	253	254	278	295	296	297	299	331	363	389	410	412
206761_merged	1	3	245	3	2	1	17	2117	55446	6	1	2	1	2	1	1	1	2	1	1
	164	168	169	207	251	252	253	254	255	294	295	296	297	342	365	380	412
206762_merged	1	15	1194	50	8	1950	36460	167	5	1	1	2	1	1	2	1	1
	168	169	170	207	251	252	253	254	318	352	360	378
206766_merged	7	525	1	20	15	2840	57170	17	1	1	1	1
	35	154	164	167	168	169	170	207	251	252	253	254	255	295	412	415
206767_merged	1	2	5	5	22	4884	4	12	2	1612	24521	9	3	1	1	2
	75	99	164	165	167	168	169	170	207	228	249	250	251	252	253	254	256	305	380	388
206768_merged	1	1	3	5	2	50	6760	2	253	1	1	10	14	1061	4095	81	8	1	1	1
	106	164	167	168	169	170	207	251	252	253	257
206769_merged	1	6	1	36	7109	1	93	3	111	1125	2
	99	168	169	198	207	209	233	251	252	253	254	297	395
206770_merged	1	3	950	1	23	3	1	8	1869	59561	255	1	1
	42	99	168	169	171	207	251	252	253	254	425
214994_merged	1	1	3	534	1	66	5	1946	32512	107	2
	88	120	154	165	168	169	202	207	237	250	251	252	253	254	297	344	412	487
214995_merged	1	1	2	1	21	1853	1	83	1	3	4	3221	37222	551	1	1	1	1
	154	164	168	169	171	173	206	207	250	251	252	253	254	349	357	370	425
215003_merged	2	4	32	4567	1	4	3	444	7	3	1180	7627	58	1	2	1	3
	95	99	150	164	167	168	169	170	187	206	207	218	250	252	253	254	305	307	357	385	389	412	423
215004_merged	1	3	1	6	2	45	6007	4	1	2	439	1	16	153	990	22	1	1	9	1	1	1	2
	39	99	129	147	164	165	167	168	169	170	206	207	250	251	252	253	254	296	357	368	412	425	439
215007_merged	1	1	1	1	5	2	1	48	2571	2	2	306	5	3	1093	36797	123	4	1	1	5	1	1
	99	154	164	165	168	169	170	207	212	250	251	252	253	254	257	297	412	423
215008_merged	1	1	6	1	26	3370	3	191	1	1	4	355	17387	33	1	1	5	4
	168	169	207	221	249	251	252	253	254	255	297	349	357	368	383	400	412	417	446	460
215009_merged	4	266	8	1	2	18	4708	44884	843	2	1	1	1	1	1	1	1	1	1	1
	153	164	168	169	170	207	227	251	252	253	254	487
215010_merged	1	2	11	805	1	71	7	10	2118	38609	970	1
	168	169	207	221	251	252	253	254	295	297	353
215023_merged	3	137	4	1	47	4813	55362	22	2	1	1
	91	164	168	169	173	206	207	250	251	252	253	254	255	273	419
215048_merged	1	3	16	2172	2	1	167	3	4	2840	18608	562	2	1	1
	35	42	168	169	170	207	252	253	254	335	369	412	425
215049_merged	7	3	6	1422	1	80	63	515	305	1	1	2	1
	168	169	206	207	241	250	251	252	253	254	256	297	390	393	420	487
215050_merged	15	1478	1	62	3	1	14	5564	46964	6	1	1	1	1	1	1
	57	164	168	169	186	207	246	251	252	253	254	296	412
215055_merged	1	1	1	368	1	25	1	10	2148	40744	39	2	1
	42	137	168	169	170	207	250	251	252	253	254	278	347	348	356	358	401	423	487
215056_merged	1	2	14	1089	3	63	2	10	2311	33040	54	1	1	1	1	1	1	1	1
	70	168	169	206	207	208	249	251	252	253	254	297	357	458	487
215057_merged	1	2	228	1	14	1	2	12	5377	52240	821	2	1	1	2
	84	164	165	167	168	169	170	172	206	207	251	252	253	254	301	315	359	367	412	425
215058_merged	1	7	5	2	27	2837	3	1	2	174	7	2626	27548	864	1	1	1	1	1	2
	167	168	169	207	250	251	252	253	254	255	257	305	307	347	365	425	438
215061_merged	1	11	1527	138	1	12	3996	25841	290	4	5	1	1	1	1	2	1
	99	164	165	167	168	169	170	183	206	207	250	251	252	253	254	255	328	345	357	412	423	425
215062_merged	2	5	2	1	34	2529	2	1	1	585	3	15	3209	21697	462	15	1	1	1	21	2	6
	35	42	164	168	169	170	207	233	249	250	251	252	253	254	297	302	305	339	357	376	383	408	412	426	428	460	461	487
215067_merged	1	1	2	6	994	2	65	1	2	4	21	6595	42702	122	1	1	1	1	3	1	1	1	1	1	1	1	1	2
	35	99	154	164	168	169	207	208	213	250	251	252	253	254	278	412
215074_merged	2	1	1	2	14	1180	179	1	2	4	2	1236	14935	34	1	4
	35	167	169	207	250	251	252	253	254	295	339	377
215075_merged	3	1	414	25	2	5	999	45176	274	2	3	1
	164	168	169	207	250	251	252	253	254	320	344	352	374	412
215076_merged	1	8	656	117	2	12	1074	39039	234	1	1	1	1	2
	164	168	169	172	207	250	251	252	253	254	255	297	349	357	402	412
215077_merged	2	5	572	1	52	1	11	2499	44011	34	2	1	1	1	1	1
	65	79	168	169	206	207	251	252	253	254	255	272	278	290	297	350	357	412
215080_merged	5	1	6	576	1	43	8	4738	46956	288	2	3	1	6	1	1	2	2
	35	42	100	164	165	168	169	207	243	250	251	252	253	254	261	297	331	382	405	412
215084_merged	1	1	1	3	1	8	1153	209	1	11	6	1409	12119	128	1	1	1	2	1	8
	35	67	89	164	165	168	169	170	198	207	226	251	252	253	254	255	257	297	412	425
215085_merged	1	1	4	3	2	57	6887	1	2	369	1	7	1042	8852	247	2	26	1	3	1
	168	169	170	207	249	250	251	252	253	254	296
219633_merged	18	2173	3	80	1	2	3	1490	27614	2335	1
	35	99	119	155	164	165	167	168	169	207	250	251	252	253	254	280	294	305	307	327	356	380	388	393	412	423	425
219634_merged	1	1	2	1	6	2	1	56	3201	284	2	12	1655	22429	3279	1	1	1	1	1	1	1	1	1	3	4	1
	35	169	252	253	254	328
219637_merged	4	37	3	207	3	3
	35	42	168	169	170	207	248	250	251	252	253	254
219638_merged	1	1	2	131	1	2	2	1	8	2589	29205	207
	99	168	169	207	221	250	251	252	253	254	278	296	418	422
219643_merged	1	9	683	58	4	4	16	4921	34898	201	1	1	9	1
	168	169	170	207	209	251	252	253	254	295	297	328	365	407	422	487
219644_merged	8	1700	1	9	1	26	3696	44191	933	1	1	1	1	1	1	3
	154	166	168	169	170	207	249	250	251	252	253	254	293	412
219645_merged	3	2	4	192	1	12	2	2	13	512	51039	9	1	1
	168	169	207	251	252	253	254	256	297	350	412	487
219646_merged	7	1077	64	2	441	43451	13	2	1	1	7	1
	59	164	168	169	207	209	226	250	251	252	253	254	294	296	320	328	369	393	412	439	487
219651_merged	1	1	5	355	19	2	2	1	23	7115	49173	150	1	1	1	1	1	1	2	1	1
	99	164	165	166	168	169	193	207	209	247	251	252	253	254	296	297	356	362	388	412	433	487
219652_merged	2	1	1	1	7	485	1	18	3	3	29	7094	42182	83	1	1	1	1	1	1	2	1
	164	165	166	167	168	169	207	251	252	253	254	295	297	357	361	367	368	394	396	406	412	433
219653_merged	4	2	1	2	13	1534	30	18	5117	35457	559	1	1	2	1	1	1	1	1	1	1	1
	35	168	169	207	249	250	251	252	253	254	255	353	359	376	425	487
219654_merged	2	9	1350	26	1	2	18	3657	28579	1476	1	1	1	1	2	1
	42	169	207	209	250	251	252	253	254	269	300	452
219655_merged	1	238	13	3	1	5	1304	44694	9	1	1	1
	164	168	169	189	207	250	251	252	253	254	341	349	382	388	412	423	425
219656_merged	3	35	3416	1	164	2	4	749	21147	9	1	1	1	1	14	1	3
	35	162	168	169	207	250	251	252	253	254	299	360	370	393	423	425	487
219657_merged	4	2	3	696	59	6	18	7729	30715	9	1	1	1	1	2	3	1
	42	169	251	252	253
219658_merged	2	38	2	398	1701
	169	207	251	252	253	254	255
219659_merged	17	6	2	481	3911	206	6
	99	164	165	167	168	169	170	174	206	207	250	252	253	254	320	345	351	357	383	392	395	412	425
219668_merged	1	14	6	2	99	9618	2	2	3	323	9	267	1244	8	2	1	1	2	1	2	1	18	6
	35	164	167	168	169	207	208	209	251	252	253	254	257	297	301	412	432	447	487
219669_merged	1	5	2	28	1447	27	1	1	17	4758	48570	196	1	1	1	1	1	1	2
	99	164	167	168	169	170	207	250	251	252	253	254	281	292	294	314	328	357	376	412	423	425	434	458	460	487
219670_merged	7	4	1	29	2415	1	111	3	13	3777	30635	17	1	1	1	1	1	1	1	14	1	12	1	1	1	3
	168	169	170	207	250	251	252	253	254	255	297	340	348	393
219675_merged	3	496	1	6	1	64	20109	17092	9	2	2	1	1	1
	168	169	170	207	239	250	251	252	253	254	267	296	412	487
219676_merged	5	425	1	21	1	3	63	22992	23995	15	1	1	1	2
	35	168	169	170	207	227	248	251	252	253	254	255	278	358	487
219691_merged	4	14	2314	3	34	2	2	5	1273	32053	88	2	1	1	3
	35	86	168	169	252	253	254
219692_merged	2	1	2	10	87	167	120
	99	165	168	169	170	207	250	251	252	253	254	356	363	408	412	418	424
219693_merged	1	3	20	2818	2	65	3	1	1995	14306	20	1	1	1	3	3	1
	108	164	165	168	169	170	171	207	251	252	253	254	308	357	365	397	412	425
222170_merged	2	1	1	8	846	1	2	86	4	679	13665	9	1	3	1	1	15	3
	99	164	168	169	170	173	183	207	219	250	251	252	253	254	276	289	295	296	297	305	308	412	425
222171_merged	1	4	26	1719	1	1	9	270	1	1	7	1345	23909	4	1	1	2	1	1	1	1	3	2
	168	169	207	250	251	252	253	254	297	298	412
224323_merged	4	287	49	3	13	1531	43184	23	1	1	2
	35	165	168	169	207	250	251	252	253	254	297	298	386
224324_merged	1	1	3	768	37	2	8	967	54167	19	2	1	1
	77	157	164	168	169	207	209	251	252	253	254	282	295	296	297	360	372	382	412	487
224325_merged	1	1	3	4	590	29	1	20	4029	54405	945	1	7	4	1	1	1	1	3	1
	107	168	169	207	209	210	249	250	251	252	253	254	295	296	298	359	366	459
224326_merged	2	2	301	3	1	2	1	3	17	3486	68230	1492	1	2	1	1	1	1
	168	169	251	252	253	254	256	265	266	297	382	403	412
224327_merged	1	115	11	1317	57283	7	1	1	1	1	1	1	2
	169	207	251	252	253	254	294	295	296	297	322
224328_merged	72	3	9	1029	59162	15	1	1	2	1	1
	35	46	164	165	168	169	175	207	209	251	252	253	254	296	299	355	357	392	411	412	487
224330_merged	1	2	2	1	11	1140	1	38	2	6	2166	46446	577	1	1	1	2	1	1	1	1
	63	94	165	168	169	179	207	251	252	253	254	296	325	345	386	390	411	412	425
224844_merged	1	2	4	23	3316	2	290	2	513	22990	131	2	1	2	1	1	1	1	6
	35	164	165	168	169	170	203	206	207	249	250	251	252	253	254	294	340	396	412	440	487
224845_merged	1	2	1	23	1359	1	1	3	197	2	5	6	1313	46671	178	1	1	1	2	1	1

