Sample	perccombo	outiepairs	uncombopairs	percdiscard	inniepairs	s_name	totalpairs	combopairs	discardpairs
206534_merged	99.34	1209	278	0	40384	206534_merged	41871	41593	0
206536_merged	99.17	2390	305	0	34008	206536_merged	36703	36398	0
206538_merged	99.03	2309	193	0	17434	206538_merged	19936	19743	0
206547_merged	99.2	3151	266	0	29893	206547_merged	33310	33044	0
206548_merged	98.64	4005	225	0	12311	206548_merged	16541	16316	0
206561_merged	99.23	7	142	0	18302	206561_merged	18451	18309	0
206562_merged	99.45	2000	184	0	31176	206562_merged	33360	33176	0
206563_merged	99.45	1768	210	0	35979	206563_merged	37957	37747	0
206564_merged	98.67	7765	171	0	4940	206564_merged	12876	12705	0
206569_merged	99.53	1000	246	0	51158	206569_merged	52404	52158	0
206570_merged	99.51	269	310	0	62454	206570_merged	63033	62723	0
206571_merged	99.34	1595	210	0	30092	206571_merged	31897	31687	0
206572_merged	99.3	1654	225	0	30308	206572_merged	32187	31962	0
206603_merged	99.53	462	261	0	55095	206603_merged	55818	55557	0
206604_merged	99.12	2073	199	0	20362	206604_merged	22634	22435	0
206605_merged	99.51	592	146	0	29057	206605_merged	29795	29649	0
206608_merged	99.12	2410	306	0	32179	206608_merged	34895	34589	0
206609_merged	99.14	3026	224	0	22798	206609_merged	26048	25824	0
206614_merged	97.68	6895	270	0	4472	206614_merged	11637	11367	0
206615_merged	99.26	9049	166	0	13175	206615_merged	22390	22224	0
206616_merged	84.06	41	44	0	191	206616_merged	276	232	0
206617_merged	98.01	5403	174	0	3179	206617_merged	8756	8582	0
206618_merged	97.68	2102	124	0	3122	206618_merged	5348	5224	0
206619_merged	98.26	872	128	0	6349	206619_merged	7349	7221	0
206620_merged	87.86	82	38	0	193	206620_merged	313	275	0
206621_merged	54.5	17	86	0	86	206621_merged	189	103	0
206622_merged	99.12	1268	137	0	14096	206622_merged	15501	15364	0
206623_merged	89.36	2	63	0	527	206623_merged	592	529	0
206624_merged	97.6	41	46	0	1832	206624_merged	1919	1873	0
206625_merged	98.8	267	47	0	3611	206625_merged	3925	3878	0
206626_merged	97.98	343	19	0	580	206626_merged	942	923	0
206627_merged	90.12	40	16	0	106	206627_merged	162	146	0
206628_merged	96.13	1934	113	0	874	206628_merged	2921	2808	0
206629_merged	84.34	2260	2643	0	11971	206629_merged	16874	14231	0
206630_merged	93.38	2726	1379	0	16720	206630_merged	20825	19446	0
206635_merged	99.69	545	161	0	51808	206635_merged	52514	52353	0
206636_merged	96.09	47	51	0	1206	206636_merged	1304	1253	0
206643_merged	99.33	5894	292	0	37417	206643_merged	43603	43311	0
206644_merged	97.85	3120	441	0	16916	206644_merged	20477	20036	0
206645_merged	98.38	1002	42	0	1551	206645_merged	2595	2553	0
206646_merged	99.11	833	498	0	54933	206646_merged	56264	55766	0
206647_merged	99.25	2152	415	0	53134	206647_merged	55701	55286	0
206648_merged	99.35	5438	299	0	40428	206648_merged	46165	45866	0
206655_merged	98.28	6307	197	0	4952	206655_merged	11456	11259	0
206656_merged	96.98	623	135	0	3718	206656_merged	4476	4341	0
206657_merged	99.44	253	296	0	52053	206657_merged	52602	52306	0
206658_merged	97.62	3205	1001	0	37829	206658_merged	42035	41034	0
206659_merged	98.62	4044	502	0	31765	206659_merged	36311	35809	0
206660_merged	99.03	594	522	0	52904	206660_merged	54020	53498	0
206667_merged	99.19	1704	217	0	24861	206667_merged	26782	26565	0
206668_merged	98.1	1548	60	0	1545	206668_merged	3153	3093	0
206669_merged	96.86	75	9	0	203	206669_merged	287	278	0
206670_merged	99.38	988	353	0	55190	206670_merged	56531	56178	0
206671_merged	99.13	3759	307	0	31412	206671_merged	35478	35171	0
206672_merged	98.66	5743	394	0	23363	206672_merged	29500	29106	0
206673_merged	99.1	3753	355	0	35469	206673_merged	39577	39222	0
206675_merged	99.09	12277	193	0	8780	206675_merged	21250	21057	0
206676_merged	99.43	8154	120	0	12872	206676_merged	21146	21026	0
206677_merged	98.88	5160	235	0	15553	206677_merged	20948	20713	0
206678_merged	98.82	9011	332	0	18758	206678_merged	28101	27769	0
206681_merged	98.69	744	59	0	3698	206681_merged	4501	4442	0
206682_merged	97.22	4572	159	0	994	206682_merged	5725	5566	0
206683_merged	99.34	2399	343	0	49614	206683_merged	52356	52013	0
206684_merged	99.57	1587	231	0	51459	206684_merged	53277	53046	0
206695_merged	98.5	7248	145	0	2298	206695_merged	9691	9546	0
206700_merged	99.52	485	379	0	77424	206700_merged	78288	77909	0
206701_merged	99.16	10107	224	0	16207	206701_merged	26538	26314	0
206702_merged	98.87	3903	455	0	35881	206702_merged	40239	39784	0
206703_merged	99.39	69	279	0	45510	206703_merged	45858	45579	0
206704_merged	98.71	50	659	0	50550	206704_merged	51259	50600	0
206708_merged	99.48	760	227	0	42806	206708_merged	43793	43566	0
206709_merged	99.59	386	183	0	44365	206709_merged	44934	44751	0
206710_merged	99.44	87	266	0	47345	206710_merged	47698	47432	0
206711_merged	99.5	249	306	0	60379	206711_merged	60934	60628	0
206712_merged	99.55	23	236	0	52321	206712_merged	52580	52344	0
206713_merged	99.48	163	260	0	50030	206713_merged	50453	50193	0
206718_merged	99.61	11	148	0	37347	206718_merged	37506	37358	0
206719_merged	99.61	54	195	0	49825	206719_merged	50074	49879	0
206720_merged	99.56	151	284	0	63768	206720_merged	64203	63919	0
206721_merged	99.23	701	492	0	62338	206721_merged	63531	63039	0
206723_merged	69.05	13	78	0	161	206723_merged	252	174	0
206724_merged	99.44	1909	317	0	54015	206724_merged	56241	55924	0
206725_merged	99.57	33	269	0	61878	206725_merged	62180	61911	0
206726_merged	99.19	195	504	0	61529	206726_merged	62228	61724	0
206727_merged	99.4	1152	385	0	62780	206727_merged	64317	63932	0
206728_merged	98.54	2002	945	0	61572	206728_merged	64519	63574	0
206729_merged	99.27	3688	284	0	35163	206729_merged	39135	38851	0
206730_merged	99.14	3013	171	0	16606	206730_merged	19790	19619	0
206731_merged	99.52	199	275	0	57188	206731_merged	57662	57387	0
206732_merged	99.53	1394	257	0	53388	206732_merged	55039	54782	0
206733_merged	99.61	111	256	0	65434	206733_merged	65801	65545	0
206734_merged	99.52	66	346	0	71279	206734_merged	71691	71345	0
206738_merged	99.36	1866	263	0	38688	206738_merged	40817	40554	0
206739_merged	99.29	764	447	0	61468	206739_merged	62679	62232	0
206740_merged	99.19	1897	310	0	36151	206740_merged	38358	38048	0
206741_merged	99.33	1913	365	0	52142	206741_merged	54420	54055	0
206742_merged	99.42	145	370	0	63631	206742_merged	64146	63776	0
206743_merged	99.37	2220	343	0	51677	206743_merged	54240	53897	0
206746_merged	99.59	399	232	0	56144	206746_merged	56775	56543	0
206747_merged	99.74	18	112	0	42698	206747_merged	42828	42716	0
206750_merged	99.39	1649	430	0	68273	206750_merged	70352	69922	0
206751_merged	99.53	95	303	0	64217	206751_merged	64615	64312	0
206752_merged	99.41	118	385	0	64421	206752_merged	64924	64539	0
206753_merged	99.43	301	370	0	64387	206753_merged	65058	64688	0
206754_merged	99.37	2556	363	0	54619	206754_merged	57538	57175	0
206755_merged	99.38	96	425	0	68483	206755_merged	69004	68579	0
206756_merged	99.44	549	330	0	58373	206756_merged	59252	58922	0
206757_merged	99.11	430	595	0	65898	206757_merged	66923	66328	0
206758_merged	99.34	390	467	0	70114	206758_merged	70971	70504	0
206761_merged	99.25	253	437	0	57601	206761_merged	58291	57854	0
206762_merged	99.17	1259	334	0	38601	206762_merged	40194	39860	0
206766_merged	99.56	553	269	0	60046	206766_merged	60868	60599	0
206767_merged	99.19	4924	253	0	26162	206767_merged	31339	31086	0
206768_merged	98.25	7074	220	0	5277	206768_merged	12571	12351	0
206769_merged	98.74	7242	108	0	1246	206769_merged	8596	8488	0
206770_merged	99.56	980	275	0	61697	206770_merged	62952	62677	0
214994_merged	99.54	605	161	0	34573	214994_merged	35339	35178	0
214995_merged	99.34	1959	284	0	41010	214995_merged	43253	42969	0
215003_merged	98.53	5052	208	0	8887	215003_merged	14147	13939	0
215004_merged	96.41	6502	287	0	1207	215004_merged	7996	7709	0
215007_merged	99.33	2940	276	0	38035	215007_merged	41251	40975	0
215008_merged	98.95	3597	227	0	17794	215008_merged	21618	21391	0
215009_merged	99.26	278	380	0	50468	215009_merged	51126	50746	0
215010_merged	99.5	896	216	0	41710	215010_merged	42822	42606	0
215023_merged	99.54	145	280	0	60248	215023_merged	60673	60393	0
215048_merged	99.1	2361	222	0	22022	215048_merged	24605	24383	0
215049_merged	95.44	1516	115	0	891	215049_merged	2522	2407	0
215050_merged	99.32	1557	373	0	52557	215050_merged	54487	54114	0
215055_merged	98.97	397	453	0	42945	215055_merged	43795	43342	0
215056_merged	99.06	1170	348	0	35427	215056_merged	36945	36597	0
215057_merged	99.58	247	245	0	58458	215057_merged	58950	58705	0
215058_merged	99.23	3054	266	0	31057	215058_merged	34377	34111	0
215061_merged	99.01	1673	319	0	30160	215061_merged	32152	31833	0
215062_merged	99.28	3159	206	0	25436	215062_merged	28801	28595	0
215067_merged	99.02	1072	502	0	49463	215067_merged	51037	50535	0
215074_merged	98.65	1381	240	0	16217	215074_merged	17838	17598	0
215075_merged	99.5	443	237	0	46462	215075_merged	47142	46905	0
215076_merged	99.53	780	195	0	40369	215076_merged	41344	41149	0
215077_merged	99.58	628	201	0	46567	215077_merged	47396	47195	0
215080_merged	99.2	632	424	0	52008	215080_merged	53064	52640	0
215084_merged	98.23	1373	271	0	13692	215084_merged	15336	15065	0
215085_merged	98.54	7316	259	0	10193	215085_merged	17768	17509	0
219633_merged	99.35	2269	220	0	31451	219633_merged	33940	33720	0
219634_merged	98.8	3551	375	0	27398	219634_merged	31324	30949	0
219637_merged	73.43	41	93	0	216	219637_merged	350	257	0
219638_merged	99.39	139	197	0	32011	219638_merged	32347	32150	0
219643_merged	99.21	754	325	0	40053	219643_merged	41132	40807	0
219644_merged	99.49	1715	257	0	48859	219644_merged	50831	50574	0
219645_merged	99.53	215	245	0	51578	219645_merged	52038	51793	0
219646_merged	99.51	1148	220	0	43919	219646_merged	45287	45067	0
219651_merged	99.22	384	446	0	56473	219651_merged	57303	56857	0
219652_merged	99.29	517	355	0	49402	219652_merged	50274	49919	0
219653_merged	98.96	1586	449	0	41163	219653_merged	43198	42749	0
219654_merged	99.28	1384	253	0	33743	219654_merged	35380	35127	0
219655_merged	99.59	254	189	0	46017	219655_merged	46460	46271	0
219656_merged	99.19	3615	208	0	21937	219656_merged	25760	25552	0
219657_merged	99.32	762	268	0	38489	219657_merged	39519	39251	0
219658_merged	98.85	40	25	0	2101	219658_merged	2166	2141	0
219659_merged	98.97	23	48	0	4606	219659_merged	4677	4629	0
219668_merged	97.4	10057	311	0	1575	219668_merged	11943	11632	0
219669_merged	99.24	1510	421	0	53551	219669_merged	55482	55061	0
219670_merged	99.16	2563	314	0	34490	219670_merged	37367	37053	0
219675_merged	99.29	506	269	0	37282	219675_merged	38057	37788	0
219676_merged	99.45	453	263	0	47073	219676_merged	47789	47526	0
219691_merged	99.39	2368	218	0	33431	219691_merged	36017	35799	0
219692_merged	69.09	15	174	0	374	219692_merged	563	389	0
219693_merged	98.93	2905	208	0	16339	219693_merged	19452	19244	0
222170_merged	97.65	946	369	0	14382	222170_merged	15697	15328	0
222171_merged	99.19	2031	222	0	25280	222171_merged	27533	27311	0
224323_merged	99.56	340	200	0	44758	224323_merged	45298	45098	0
224324_merged	99.56	810	245	0	55167	224324_merged	56222	55977	0
224325_merged	99.32	628	414	0	59420	224325_merged	60462	60048	0
224326_merged	99.45	310	408	0	73237	224326_merged	73955	73547	0
224327_merged	99.43	116	339	0	58626	224327_merged	59081	58742	0
224328_merged	99.57	75	260	0	60221	224328_merged	60556	60296	0
224330_merged	99.41	1198	299	0	49204	224330_merged	50701	50402	0
224844_merged	99.44	3636	155	0	23653	224844_merged	27444	27289	0
224845_merged	99.43	1585	285	0	48185	224845_merged	50055	49770	0
