Length	Count
192.0	7
202.0	16
212.0	5
222.0	9
232.0	12
242.0	47
252.0	12811
262.0	0
272.0	1
282.0	5
292.0	0
302.0	3
312.0	0
322.0	4
332.0	0
342.0	3
352.0	0
362.0	0
372.0	0
382.0	0
392.0	0
402.0	0
412.0	4
422.0	4
432.0	0
442.0	0
452.0	0
462.0	0
472.0	0
482.0	4
492.0	0
--

Length	Count
193.0	10
203.0	10
213.0	5
223.0	5
233.0	10
243.0	279
253.0	3993
263.0	1
273.0	1
283.0	1
293.0	2
303.0	2
313.0	0
323.0	1
333.0	1
343.0	1
353.0	3
363.0	1
373.0	0
383.0	0
393.0	0
403.0	4
413.0	0
423.0	0
433.0	0
443.0	1
453.0	0
463.0	0
473.0	0
483.0	3
493.0	0
--

Length	Count
198.0	3
208.0	1
218.0	2
228.0	4
238.0	10
248.0	3099
258.0	0
268.0	1
278.0	1
288.0	1
298.0	0
308.0	2
318.0	0
328.0	1
338.0	0
348.0	0
358.0	0
368.0	0
378.0	0
388.0	0
398.0	0
408.0	0
418.0	7
428.0	0
--

Length	Count
193.0	4
203.0	10
213.0	4
223.0	4
233.0	2
243.0	590
253.0	5580
263.0	0
273.0	0
283.0	3
293.0	0
303.0	0
313.0	0
323.0	1
333.0	0
343.0	0
353.0	0
363.0	0
373.0	0
383.0	0
393.0	0
403.0	0
413.0	0
423.0	0
433.0	0
443.0	0
453.0	0
463.0	0
473.0	0
483.0	4
493.0	0
--

Length	Count
241.0	2
251.0	187
261.0	0
--

Length	Count
201.0	11
211.0	1
221.0	1
231.0	2
241.0	10
251.0	3033
261.0	0
--

Length	Count
252.0	84
262.0	0
--

Length	Count
197.0	34
207.0	26
217.0	8
227.0	5
237.0	58
247.0	13694
257.0	0
267.0	0
277.0	1
287.0	2
297.0	0
307.0	1
317.0	2
327.0	0
337.0	2
347.0	0
357.0	0
367.0	0
377.0	0
387.0	0
397.0	0
407.0	0
417.0	2
427.0	0
437.0	0
447.0	0
457.0	0
467.0	0
477.0	0
487.0	4
--

Length	Count
211.0	3
221.0	0
231.0	1
241.0	1
251.0	172
261.0	1
271.0	0
--

Length	Count
199.0	6
209.0	1
219.0	2
229.0	0
239.0	6
249.0	1753
259.0	1
269.0	0
279.0	0
289.0	0
299.0	0
309.0	0
319.0	0
329.0	0
339.0	0
349.0	0
359.0	0
369.0	0
379.0	0
389.0	0
399.0	0
409.0	0
419.0	0
429.0	0
439.0	0
449.0	0
459.0	0
469.0	0
479.0	1
489.0	0
--

Length	Count
211.0	3
221.0	0
231.0	0
241.0	1
251.0	507
261.0	0
271.0	0
281.0	0
291.0	0
301.0	0
311.0	0
321.0	0
331.0	0
341.0	0
351.0	0
361.0	0
371.0	0
381.0	0
391.0	0
401.0	1
411.0	0
--

Length	Count
208.0	2
218.0	0
228.0	0
238.0	1
248.0	565
258.0	1
268.0	0
--

Length	Count
191.0	3
201.0	8
211.0	2
221.0	1
231.0	4
241.0	9
251.0	3511
261.0	0
271.0	0
281.0	2
291.0	1
301.0	1
311.0	0
321.0	1
331.0	0
341.0	0
351.0	1
361.0	0
--

Length	Count
198.0	3
208.0	4
218.0	0
228.0	3
238.0	0
248.0	832
258.0	0
268.0	0
278.0	0
288.0	0
298.0	0
308.0	0
318.0	0
328.0	1
338.0	0
--

Length	Count
252.0	103
262.0	0
--

Length	Count
193.0	16
203.0	43
213.0	12
223.0	17
233.0	8
243.0	1394
253.0	13906
263.0	3
273.0	0
283.0	8
293.0	0
303.0	0
313.0	0
323.0	8
333.0	0
343.0	1
353.0	2
363.0	2
373.0	1
383.0	0
393.0	0
403.0	14
413.0	0
423.0	12
433.0	0
443.0	2
453.0	0
463.0	0
473.0	0
483.0	8
493.0	0
--

Length	Count
197.0	15
207.0	18
217.0	11
227.0	9
237.0	11
247.0	10078
257.0	3
267.0	2
277.0	1
287.0	7
297.0	0
307.0	3
317.0	3
327.0	4
337.0	2
347.0	4
357.0	1
367.0	0
377.0	1
387.0	0
397.0	2
407.0	8
417.0	1
427.0	0
437.0	0
447.0	0
457.0	0
467.0	0
477.0	0
487.0	7
--

Length	Count
200.0	2
210.0	3
220.0	0
230.0	0
240.0	2
250.0	1167
260.0	0
270.0	0
280.0	0
290.0	0
300.0	0
310.0	0
320.0	0
330.0	0
340.0	0
350.0	0
360.0	0
370.0	0
380.0	0
390.0	0
400.0	0
410.0	0
420.0	0
430.0	0
440.0	0
450.0	0
460.0	0
470.0	0
480.0	1
490.0	0
--

Length	Count
193.0	33
203.0	49
213.0	18
223.0	19
233.0	26
243.0	2114
253.0	48911
263.0	2
273.0	1
283.0	13
293.0	2
303.0	7
313.0	0
323.0	6
333.0	1
343.0	3
353.0	0
363.0	1
373.0	1
383.0	0
393.0	0
403.0	1
413.0	0
423.0	0
433.0	0
443.0	1
453.0	0
463.0	0
473.0	0
483.0	10
493.0	0
--

Length	Count
197.0	55
207.0	31
217.0	10
227.0	13
237.0	38
247.0	16251
257.0	0
267.0	0
277.0	1
287.0	3
297.0	0
307.0	3
317.0	3
327.0	3
337.0	1
347.0	1
357.0	0
367.0	3
377.0	2
387.0	0
397.0	0
407.0	1
417.0	9
427.0	0
437.0	0
447.0	0
457.0	0
467.0	0
477.0	0
487.0	7
--

Length	Count
191.0	13
201.0	90
211.0	29
221.0	23
231.0	33
241.0	97
251.0	36241
261.0	1
271.0	6
281.0	7
291.0	6
301.0	3
311.0	3
321.0	20
331.0	0
341.0	13
351.0	0
361.0	0
371.0	0
381.0	0
391.0	0
401.0	0
411.0	2
421.0	0
431.0	0
441.0	1
451.0	0
461.0	0
471.0	0
481.0	17
491.0	0
--

Length	Count
201.0	3
211.0	1
221.0	0
231.0	1
241.0	2
251.0	1498
261.0	0
271.0	1
281.0	3
291.0	0
301.0	0
311.0	0
321.0	1
331.0	0
341.0	0
351.0	0
361.0	0
371.0	0
381.0	0
391.0	0
401.0	0
411.0	0
421.0	2
431.0	0
--

Length	Count
191.0	24
201.0	101
211.0	76
221.0	25
231.0	42
241.0	389
251.0	52814
261.0	2
271.0	5
281.0	22
291.0	8
301.0	7
311.0	10
321.0	15
331.0	4
341.0	3
351.0	2
361.0	0
371.0	2
381.0	0
391.0	0
401.0	0
411.0	0
421.0	0
431.0	0
441.0	1
451.0	0
461.0	0
471.0	0
481.0	41
491.0	0
--

Length	Count
193.0	69
203.0	108
213.0	21
223.0	34
233.0	46
243.0	1082
253.0	38060
263.0	0
273.0	2
283.0	10
293.0	0
303.0	2
313.0	0
323.0	13
333.0	10
343.0	4
353.0	0
363.0	2
373.0	2
383.0	0
393.0	0
403.0	0
413.0	0
423.0	0
433.0	0
443.0	0
453.0	0
463.0	0
473.0	0
483.0	21
493.0	0
--

Length	Count
192.0	57
202.0	127
212.0	28
222.0	25
232.0	19
242.0	212
252.0	51174
262.0	3
272.0	4
282.0	13
292.0	1
302.0	4
312.0	1
322.0	19
332.0	4
342.0	7
352.0	3
362.0	0
372.0	0
382.0	0
392.0	0
402.0	0
412.0	0
422.0	0
432.0	1
442.0	0
452.0	0
462.0	0
472.0	0
482.0	34
492.0	0
--

Length	Count
200.0	7
210.0	5
220.0	1
230.0	2
240.0	8
250.0	3591
260.0	0
270.0	0
280.0	0
290.0	0
300.0	0
310.0	2
320.0	2
330.0	0
340.0	0
350.0	0
360.0	0
370.0	0
380.0	0
390.0	0
400.0	0
410.0	0
420.0	0
430.0	0
440.0	0
450.0	0
460.0	0
470.0	0
480.0	2
490.0	0
--

Length	Count
198.0	5
208.0	10
218.0	7
228.0	9
238.0	27
248.0	4790
258.0	2
268.0	0
278.0	2
288.0	3
298.0	2
308.0	1
318.0	0
328.0	1
338.0	1
348.0	2
358.0	1
368.0	0
378.0	0
388.0	0
398.0	0
408.0	2
418.0	1
428.0	0
438.0	0
448.0	0
458.0	0
468.0	0
478.0	2
488.0	0
--

Length	Count
197.0	62
207.0	77
217.0	27
227.0	12
237.0	113
247.0	50925
257.0	1
267.0	1
277.0	3
287.0	4
297.0	0
307.0	0
317.0	3
327.0	3
337.0	1
347.0	1
357.0	0
367.0	0
377.0	0
387.0	0
397.0	0
407.0	0
417.0	0
427.0	0
437.0	2
447.0	0
457.0	0
467.0	0
477.0	0
487.0	15
--

Length	Count
192.0	33
202.0	102
212.0	24
222.0	23
232.0	53
242.0	293
252.0	36237
262.0	2
272.0	1
282.0	13
292.0	0
302.0	5
312.0	3
322.0	6
332.0	1
342.0	1
352.0	0
362.0	0
372.0	1
382.0	0
392.0	1
402.0	0
412.0	2
422.0	2
432.0	0
442.0	0
452.0	1
462.0	0
472.0	0
482.0	14
492.0	0
--

Length	Count
194.0	42
204.0	88
214.0	17
224.0	24
234.0	47
244.0	30460
254.0	174
264.0	2
274.0	2
284.0	12
294.0	1
304.0	0
314.0	4
324.0	4
334.0	0
344.0	5
354.0	1
364.0	1
374.0	0
384.0	0
394.0	0
404.0	1
414.0	0
424.0	0
434.0	0
444.0	0
454.0	0
464.0	0
474.0	0
484.0	18
494.0	0
--

Length	Count
191.0	51
201.0	135
211.0	66
221.0	24
231.0	48
241.0	106
251.0	51306
261.0	2
271.0	0
281.0	6
291.0	2
301.0	0
311.0	0
321.0	8
331.0	0
341.0	3
351.0	1
361.0	0
371.0	1
381.0	0
391.0	0
401.0	0
411.0	0
421.0	0
431.0	0
441.0	0
451.0	0
461.0	0
471.0	0
481.0	5
491.0	0
--

Length	Count
197.0	35
207.0	65
217.0	13
227.0	14
237.0	56
247.0	24129
257.0	2
267.0	1
277.0	0
287.0	12
297.0	0
307.0	2
317.0	1
327.0	9
337.0	1
347.0	3
357.0	0
367.0	0
377.0	1
387.0	0
397.0	0
407.0	0
417.0	0
427.0	0
437.0	0
447.0	0
457.0	0
467.0	0
477.0	0
487.0	5
--

Length	Count
206.0	2
216.0	1
226.0	2
236.0	4
246.0	1489
256.0	4
266.0	0
--

Length	Count
192.0	34
202.0	83
212.0	23
222.0	37
232.0	45
242.0	156
252.0	53778
262.0	4
272.0	4
282.0	14
292.0	2
302.0	5
312.0	1
322.0	12
332.0	1
342.0	4
352.0	0
362.0	0
372.0	1
382.0	0
392.0	0
402.0	0
412.0	0
422.0	0
432.0	0
442.0	1
452.0	0
462.0	0
472.0	0
482.0	20
492.0	0
--

Length	Count
252.0	197
262.0	0
--

Length	Count
193.0	27
203.0	43
213.0	17
223.0	15
233.0	39
243.0	2912
253.0	27728
263.0	2
273.0	1
283.0	4
293.0	0
303.0	1
313.0	1
323.0	0
333.0	0
343.0	2
353.0	0
363.0	0
373.0	0
383.0	0
393.0	0
403.0	1
413.0	0
423.0	2
433.0	0
443.0	0
453.0	0
463.0	0
473.0	0
483.0	6
493.0	0
--

Length	Count
191.0	12
201.0	18
211.0	33
221.0	6
231.0	13
241.0	107
251.0	22721
261.0	2
271.0	0
281.0	5
291.0	1
301.0	2
311.0	3
321.0	6
331.0	0
341.0	1
351.0	0
361.0	0
371.0	0
381.0	0
391.0	0
401.0	0
411.0	6
421.0	0
431.0	0
441.0	1
451.0	0
461.0	0
471.0	0
481.0	7
491.0	0
--

Length	Count
191.0	25
201.0	86
211.0	36
221.0	23
231.0	56
241.0	148
251.0	34277
261.0	3
271.0	3
281.0	14
291.0	3
301.0	3
311.0	2
321.0	12
331.0	1
341.0	4
351.0	1
361.0	0
371.0	0
381.0	1
391.0	0
401.0	0
411.0	0
421.0	0
431.0	1
441.0	0
451.0	0
461.0	0
471.0	0
481.0	10
491.0	0
--

Length	Count
194.0	15
204.0	25
214.0	7
224.0	17
234.0	9
244.0	12469
254.0	57
264.0	1
274.0	0
284.0	8
294.0	0
304.0	2
314.0	0
324.0	3
334.0	0
344.0	2
354.0	0
364.0	1
374.0	0
384.0	0
394.0	0
404.0	3
414.0	1
424.0	0
434.0	0
444.0	0
454.0	0
464.0	0
474.0	0
484.0	7
494.0	0
--

Length	Count
198.0	25
208.0	19
218.0	7
228.0	9
238.0	15
248.0	8454
258.0	3
268.0	1
278.0	1
288.0	3
298.0	0
308.0	3
318.0	2
328.0	2
338.0	0
348.0	1
358.0	0
368.0	0
378.0	0
388.0	1
398.0	0
408.0	3
418.0	0
428.0	0
438.0	0
448.0	0
458.0	0
468.0	0
478.0	4
488.0	0
--

Length	Count
191.0	15
201.0	34
211.0	6
221.0	10
231.0	10
241.0	48
251.0	15071
261.0	3
271.0	4
281.0	4
291.0	0
301.0	2
311.0	1
321.0	2
331.0	0
341.0	1
351.0	1
361.0	0
371.0	1
381.0	0
391.0	0
401.0	0
411.0	82
421.0	0
431.0	0
441.0	0
451.0	0
461.0	0
471.0	0
481.0	10
491.0	0
--

Length	Count
191.0	16
201.0	44
211.0	16
221.0	11
231.0	18
241.0	72
251.0	18207
261.0	2
271.0	1
281.0	4
291.0	1
301.0	2
311.0	0
321.0	16
331.0	1
341.0	1
351.0	0
361.0	0
371.0	0
381.0	0
391.0	1
401.0	0
411.0	5
421.0	2
431.0	0
441.0	0
451.0	0
461.0	0
471.0	0
481.0	7
491.0	0
--

Length	Count
194.0	2
204.0	3
214.0	0
224.0	3
234.0	5
244.0	3609
254.0	2
264.0	0
274.0	2
284.0	0
294.0	0
304.0	0
314.0	1
324.0	0
334.0	0
344.0	0
354.0	0
364.0	0
374.0	1
384.0	0
394.0	0
404.0	0
414.0	0
424.0	0
434.0	0
444.0	0
454.0	0
464.0	0
474.0	0
484.0	1
494.0	0
--

Length	Count
196.0	2
206.0	1
216.0	1
226.0	3
236.0	14
246.0	936
256.0	0
266.0	1
276.0	0
286.0	0
296.0	0
306.0	0
316.0	0
326.0	0
336.0	0
346.0	0
356.0	0
366.0	0
376.0	0
386.0	0
396.0	0
406.0	6
416.0	2
426.0	0
436.0	0
446.0	0
456.0	0
466.0	0
476.0	0
486.0	1
496.0	0
--

Length	Count
191.0	22
201.0	88
211.0	43
221.0	19
231.0	22
241.0	91
251.0	50462
261.0	0
271.0	1
281.0	8
291.0	3
301.0	1
311.0	1
321.0	13
331.0	1
341.0	5
351.0	0
361.0	0
371.0	2
381.0	0
391.0	0
401.0	0
411.0	0
421.0	0
431.0	0
441.0	0
451.0	0
461.0	0
471.0	0
481.0	19
491.0	0
--

Length	Count
192.0	26
202.0	100
212.0	21
222.0	24
232.0	33
242.0	243
252.0	48067
262.0	1
272.0	3
282.0	22
292.0	2
302.0	2
312.0	0
322.0	10
332.0	1
342.0	3
352.0	1
362.0	0
372.0	2
382.0	0
392.0	1
402.0	0
412.0	1
422.0	2
432.0	0
442.0	1
452.0	0
462.0	0
472.0	0
482.0	21
492.0	0
--

Length	Count
199.0	14
209.0	4
219.0	3
229.0	0
239.0	10
249.0	2190
259.0	0
269.0	0
279.0	1
289.0	1
299.0	0
309.0	0
319.0	0
329.0	1
339.0	0
349.0	0
359.0	0
369.0	0
379.0	0
389.0	0
399.0	0
409.0	0
419.0	0
429.0	0
439.0	0
449.0	0
459.0	0
469.0	0
479.0	3
489.0	0
--

Length	Count
193.0	92
203.0	107
213.0	38
223.0	34
233.0	72
243.0	19236
253.0	56506
263.0	1
273.0	2
283.0	13
293.0	1
303.0	3
313.0	0
323.0	16
333.0	0
343.0	7
353.0	2
363.0	1
373.0	0
383.0	0
393.0	0
403.0	0
413.0	0
423.0	0
433.0	0
443.0	0
453.0	0
463.0	0
473.0	0
483.0	17
493.0	0
--

Length	Count
190.0	31
200.0	219
210.0	86
220.0	22
230.0	60
240.0	200
250.0	63760
260.0	4
270.0	3
280.0	7
290.0	8
300.0	2
310.0	8
320.0	21
330.0	1
340.0	6
350.0	0
360.0	0
370.0	1
380.0	0
390.0	1
400.0	0
410.0	0
420.0	0
430.0	1
440.0	1
450.0	0
460.0	0
470.0	0
480.0	28
490.0	0
--

Length	Count
191.0	55
201.0	187
211.0	66
221.0	16
231.0	59
241.0	211
251.0	68137
261.0	1
271.0	1
281.0	5
291.0	5
301.0	1
311.0	1
321.0	8
331.0	2
341.0	10
351.0	0
361.0	2
371.0	1
381.0	0
391.0	1
401.0	0
411.0	0
421.0	0
431.0	0
441.0	1
451.0	0
461.0	0
471.0	0
481.0	28
491.0	0
--

Length	Count
198.0	111
208.0	101
218.0	33
228.0	11
238.0	102
248.0	34738
258.0	2
268.0	1
278.0	1
288.0	4
298.0	0
308.0	0
318.0	2
328.0	4
338.0	1
348.0	2
358.0	2
368.0	0
378.0	0
388.0	1
398.0	1
408.0	0
418.0	6
428.0	1
438.0	1
448.0	0
458.0	0
468.0	0
478.0	13
488.0	1
498.0	0
--

Length	Count
194.0	37
204.0	51
214.0	15
224.0	2
234.0	21
244.0	15692
254.0	47
264.0	0
274.0	0
284.0	2
294.0	0
304.0	1
314.0	1
324.0	0
334.0	1
344.0	1
354.0	1
364.0	0
374.0	0
384.0	0
394.0	0
404.0	1
414.0	0
424.0	0
434.0	0
444.0	0
454.0	0
464.0	0
474.0	0
484.0	8
494.0	0
--

Length	Count
194.0	52
204.0	74
214.0	23
224.0	25
234.0	46
244.0	41848
254.0	42
264.0	1
274.0	0
284.0	15
294.0	0
304.0	1
314.0	10
324.0	8
334.0	0
344.0	4
354.0	2
364.0	0
374.0	1
384.0	0
394.0	0
404.0	0
414.0	0
424.0	0
434.0	0
444.0	0
454.0	0
464.0	0
474.0	0
484.0	16
494.0	0
--

Length	Count
191.0	16
201.0	38
211.0	23
221.0	11
231.0	10
241.0	92
251.0	43882
261.0	1
271.0	0
281.0	1
291.0	0
301.0	1
311.0	1
321.0	4
331.0	0
341.0	1
351.0	0
361.0	0
371.0	0
381.0	0
391.0	0
401.0	0
411.0	0
421.0	0
431.0	0
441.0	0
451.0	0
461.0	0
471.0	0
481.0	2
491.0	0
--

Length	Count
191.0	28
201.0	128
211.0	60
221.0	26
231.0	16
241.0	199
251.0	54817
261.0	2
271.0	1
281.0	3
291.0	3
301.0	2
311.0	3
321.0	11
331.0	2
341.0	5
351.0	0
361.0	0
371.0	1
381.0	0
391.0	0
401.0	0
411.0	0
421.0	0
431.0	1
441.0	1
451.0	0
461.0	0
471.0	0
481.0	24
491.0	0
--

Length	Count
191.0	17
201.0	68
211.0	29
221.0	17
231.0	24
241.0	124
251.0	41956
261.0	0
271.0	0
281.0	5
291.0	0
301.0	0
311.0	2
321.0	8
331.0	1
341.0	3
351.0	0
361.0	0
371.0	0
381.0	0
391.0	0
401.0	0
411.0	0
421.0	0
431.0	0
441.0	0
451.0	0
461.0	0
471.0	0
481.0	7
491.0	0
--

Length	Count
193.0	61
203.0	95
213.0	35
223.0	35
233.0	54
243.0	5102
253.0	43770
263.0	2
273.0	6
283.0	17
293.0	1
303.0	7
313.0	0
323.0	22
333.0	3
343.0	6
353.0	2
363.0	0
373.0	1
383.0	0
393.0	0
403.0	0
413.0	0
423.0	0
433.0	1
443.0	2
453.0	0
463.0	0
473.0	0
483.0	38
493.0	0
--

Length	Count
191.0	21
201.0	126
211.0	53
221.0	20
231.0	26
241.0	131
251.0	44082
261.0	4
271.0	1
281.0	16
291.0	1
301.0	2
311.0	5
321.0	9
331.0	1
341.0	10
351.0	2
361.0	0
371.0	0
381.0	0
391.0	0
401.0	0
411.0	0
421.0	0
431.0	0
441.0	0
451.0	0
461.0	0
471.0	0
481.0	19
491.0	0
--

Length	Count
191.0	28
201.0	113
211.0	59
221.0	22
231.0	26
241.0	145
251.0	62703
261.0	5
271.0	2
281.0	10
291.0	0
301.0	3
311.0	0
321.0	9
331.0	0
341.0	9
351.0	0
361.0	0
371.0	0
381.0	0
391.0	0
401.0	0
411.0	0
421.0	0
431.0	0
441.0	3
451.0	0
461.0	0
471.0	0
481.0	25
491.0	0
--

Length	Count
191.0	33
201.0	132
211.0	61
221.0	33
231.0	43
241.0	152
251.0	62850
261.0	1
271.0	1
281.0	6
291.0	1
301.0	1
311.0	2
321.0	5
331.0	2
341.0	3
351.0	1
361.0	0
371.0	1
381.0	0
391.0	1
401.0	0
411.0	0
421.0	0
431.0	0
441.0	0
451.0	0
461.0	0
471.0	0
481.0	14
491.0	0
--

Length	Count
192.0	48
202.0	147
212.0	23
222.0	33
232.0	42
242.0	165
252.0	58574
262.0	4
272.0	7
282.0	20
292.0	2
302.0	4
312.0	1
322.0	33
332.0	4
342.0	6
352.0	0
362.0	3
372.0	2
382.0	0
392.0	0
402.0	0
412.0	1
422.0	0
432.0	0
442.0	0
452.0	0
462.0	0
472.0	0
482.0	60
492.0	0
--

Length	Count
191.0	26
201.0	84
211.0	53
221.0	19
231.0	37
241.0	112
251.0	46089
261.0	6
271.0	4
281.0	6
291.0	3
301.0	3
311.0	2
321.0	13
331.0	1
341.0	3
351.0	1
361.0	1
371.0	0
381.0	0
391.0	0
401.0	0
411.0	0
421.0	0
431.0	0
441.0	1
451.0	0
461.0	0
471.0	0
481.0	17
491.0	0
--

Length	Count
191.0	21
201.0	88
211.0	53
221.0	32
231.0	10
241.0	277
251.0	48726
261.0	0
271.0	2
281.0	3
291.0	1
301.0	2
311.0	2
321.0	6
331.0	0
341.0	2
351.0	1
361.0	0
371.0	1
381.0	0
391.0	0
401.0	0
411.0	0
421.0	0
431.0	0
441.0	2
451.0	0
461.0	0
471.0	0
481.0	15
491.0	0
--

Length	Count
191.0	26
201.0	64
211.0	61
221.0	26
231.0	18
241.0	169
251.0	50958
261.0	2
271.0	6
281.0	10
291.0	3
301.0	3
311.0	3
321.0	16
331.0	0
341.0	9
351.0	0
361.0	0
371.0	1
381.0	0
391.0	0
401.0	1
411.0	0
421.0	0
431.0	0
441.0	0
451.0	0
461.0	0
471.0	0
481.0	25
491.0	0
--

Length	Count
191.0	19
201.0	42
211.0	43
221.0	23
231.0	20
241.0	125
251.0	48699
261.0	2
271.0	4
281.0	11
291.0	3
301.0	2
311.0	2
321.0	14
331.0	2
341.0	3
351.0	0
361.0	1
371.0	0
381.0	0
391.0	0
401.0	0
411.0	0
421.0	0
431.0	0
441.0	0
451.0	0
461.0	0
471.0	0
481.0	22
491.0	0
--

Length	Count
191.0	11
201.0	51
211.0	35
221.0	24
231.0	26
241.0	140
251.0	36428
261.0	1
271.0	2
281.0	6
291.0	6
301.0	1
311.0	2
321.0	13
331.0	1
341.0	8
351.0	0
361.0	0
371.0	0
381.0	0
391.0	0
401.0	0
411.0	0
421.0	0
431.0	0
441.0	0
451.0	0
461.0	0
471.0	0
481.0	21
491.0	0
--

Length	Count
191.0	22
201.0	113
211.0	62
221.0	28
231.0	16
241.0	107
251.0	62031
261.0	1
271.0	3
281.0	14
291.0	3
301.0	3
311.0	3
321.0	13
331.0	3
341.0	7
351.0	2
361.0	0
371.0	4
381.0	0
391.0	1
401.0	0
411.0	0
421.0	0
431.0	0
441.0	3
451.0	0
461.0	0
471.0	0
481.0	21
491.0	0
--

Length	Count
191.0	28
201.0	149
211.0	67
221.0	51
231.0	36
241.0	235
251.0	60469
261.0	2
271.0	2
281.0	19
291.0	9
301.0	3
311.0	3
321.0	10
331.0	2
341.0	5
351.0	0
361.0	0
371.0	0
381.0	0
391.0	0
401.0	0
411.0	1
421.0	0
431.0	0
441.0	1
451.0	0
461.0	0
471.0	0
481.0	30
491.0	0
--

Length	Count
245.0	158
255.0	0
--

Length	Count
192.0	74
202.0	123
212.0	34
222.0	27
232.0	36
242.0	148
252.0	52706
262.0	1
272.0	2
282.0	2
292.0	0
302.0	2
312.0	2
322.0	2
332.0	1
342.0	6
352.0	1
362.0	1
372.0	0
382.0	0
392.0	0
402.0	1
412.0	0
422.0	0
432.0	0
442.0	0
452.0	0
462.0	0
472.0	0
482.0	17
492.0	0
--

Length	Count
191.0	49
201.0	219
211.0	88
221.0	39
231.0	69
241.0	284
251.0	59343
261.0	0
271.0	2
281.0	13
291.0	3
301.0	4
311.0	4
321.0	20
331.0	2
341.0	9
351.0	1
361.0	0
371.0	1
381.0	1
391.0	0
401.0	1
411.0	0
421.0	0
431.0	0
441.0	1
451.0	0
461.0	0
471.0	0
481.0	28
491.0	0
--

Length	Count
191.0	31
201.0	134
211.0	60
221.0	40
231.0	33
241.0	173
251.0	60164
261.0	2
271.0	1
281.0	24
291.0	8
301.0	3
311.0	7
321.0	21
331.0	1
341.0	7
351.0	1
361.0	0
371.0	0
381.0	0
391.0	0
401.0	0
411.0	0
421.0	0
431.0	0
441.0	3
451.0	0
461.0	0
471.0	0
481.0	38
491.0	0
--

Length	Count
191.0	30
201.0	134
211.0	67
221.0	38
231.0	73
241.0	244
251.0	59305
261.0	4
271.0	6
281.0	12
291.0	1
301.0	5
311.0	2
321.0	14
331.0	4
341.0	4
351.0	1
361.0	0
371.0	1
381.0	1
391.0	0
401.0	1
411.0	0
421.0	0
431.0	0
441.0	1
451.0	0
461.0	0
471.0	0
481.0	26
491.0	0
--

Length	Count
191.0	35
201.0	184
211.0	68
221.0	46
231.0	28
241.0	166
251.0	60763
261.0	1
271.0	4
281.0	20
291.0	5
301.0	4
311.0	4
321.0	23
331.0	5
341.0	5
351.0	2
361.0	0
371.0	1
381.0	0
391.0	0
401.0	0
411.0	0
421.0	0
431.0	0
441.0	1
451.0	0
461.0	0
471.0	0
481.0	34
491.0	0
--

Length	Count
192.0	18
202.0	28
212.0	10
222.0	13
232.0	11
242.0	44
252.0	16213
262.0	0
272.0	0
282.0	0
292.0	0
302.0	1
312.0	0
322.0	3
332.0	0
342.0	0
352.0	0
362.0	0
372.0	1
382.0	0
392.0	0
402.0	0
412.0	3
422.0	0
432.0	0
442.0	0
452.0	0
462.0	0
472.0	0
482.0	4
492.0	0
--

Length	Count
191.0	15
201.0	59
211.0	29
221.0	20
231.0	12
241.0	100
251.0	34220
261.0	0
271.0	1
281.0	4
291.0	2
301.0	3
311.0	0
321.0	4
331.0	1
341.0	3
351.0	0
361.0	1
371.0	2
381.0	1
391.0	0
401.0	0
411.0	0
421.0	0
431.0	0
441.0	1
451.0	0
461.0	0
471.0	0
481.0	13
491.0	0
--

Length	Count
191.0	26
201.0	80
211.0	34
221.0	20
231.0	26
241.0	87
251.0	52076
261.0	2
271.0	2
281.0	14
291.0	0
301.0	4
311.0	5
321.0	3
331.0	2
341.0	3
351.0	1
361.0	0
371.0	1
381.0	0
391.0	0
401.0	0
411.0	1
421.0	0
431.0	0
441.0	2
451.0	0
461.0	0
471.0	0
481.0	20
491.0	0
--

Length	Count
191.0	25
201.0	64
211.0	52
221.0	30
231.0	24
241.0	192
251.0	55767
261.0	1
271.0	4
281.0	7
291.0	2
301.0	1
311.0	6
321.0	11
331.0	3
341.0	5
351.0	3
361.0	0
371.0	0
381.0	0
391.0	0
401.0	0
411.0	0
421.0	0
431.0	0
441.0	1
451.0	0
461.0	0
471.0	0
481.0	26
491.0	0
--

Length	Count
191.0	28
201.0	143
211.0	65
221.0	36
231.0	25
241.0	158
251.0	52744
261.0	6
271.0	6
281.0	17
291.0	7
301.0	6
311.0	4
321.0	23
331.0	4
341.0	11
351.0	3
361.0	0
371.0	0
381.0	0
391.0	0
401.0	0
411.0	0
421.0	0
431.0	0
441.0	1
451.0	1
461.0	0
471.0	0
481.0	39
491.0	0
--

Length	Count
192.0	52
202.0	131
212.0	23
222.0	25
232.0	28
242.0	107
252.0	69705
262.0	2
272.0	2
282.0	9
292.0	0
302.0	3
312.0	0
322.0	21
332.0	1
342.0	1
352.0	1
362.0	1
372.0	0
382.0	0
392.0	0
402.0	0
412.0	0
422.0	0
432.0	1
442.0	1
452.0	0
462.0	0
472.0	0
482.0	19
492.0	0
--

Length	Count
191.0	17
201.0	64
211.0	44
221.0	27
231.0	19
241.0	92
251.0	64159
261.0	1
271.0	1
281.0	12
291.0	3
301.0	2
311.0	1
321.0	8
331.0	0
341.0	1
351.0	0
361.0	0
371.0	0
381.0	0
391.0	0
401.0	0
411.0	0
421.0	0
431.0	0
441.0	0
451.0	0
461.0	0
471.0	0
481.0	13
491.0	0
--

Length	Count
191.0	45
201.0	120
211.0	63
221.0	35
231.0	45
241.0	181
251.0	59440
261.0	4
271.0	2
281.0	30
291.0	4
301.0	4
311.0	3
321.0	33
331.0	2
341.0	10
351.0	3
361.0	0
371.0	0
381.0	0
391.0	0
401.0	0
411.0	0
421.0	0
431.0	0
441.0	1
451.0	0
461.0	0
471.0	0
481.0	66
491.0	0
--

Length	Count
191.0	18
201.0	81
211.0	45
221.0	24
231.0	26
241.0	113
251.0	37527
261.0	1
271.0	5
281.0	11
291.0	1
301.0	2
311.0	5
321.0	13
331.0	0
341.0	7
351.0	0
361.0	0
371.0	0
381.0	0
391.0	0
401.0	0
411.0	0
421.0	5
431.0	0
441.0	0
451.0	0
461.0	0
471.0	0
481.0	25
491.0	0
--

Length	Count
192.0	40
202.0	116
212.0	33
222.0	29
232.0	24
242.0	148
252.0	50705
262.0	0
272.0	0
282.0	14
292.0	2
302.0	4
312.0	0
322.0	20
332.0	2
342.0	3
352.0	1
362.0	0
372.0	0
382.0	0
392.0	1
402.0	0
412.0	0
422.0	0
432.0	0
442.0	0
452.0	0
462.0	0
472.0	0
482.0	27
492.0	0
--

Length	Count
192.0	26
202.0	92
212.0	20
222.0	17
232.0	18
242.0	102
252.0	35022
262.0	4
272.0	2
282.0	10
292.0	1
302.0	0
312.0	2
322.0	14
332.0	2
342.0	3
352.0	0
362.0	0
372.0	0
382.0	0
392.0	0
402.0	0
412.0	0
422.0	0
432.0	0
442.0	1
452.0	0
462.0	0
472.0	0
482.0	22
492.0	0
--

Length	Count
191.0	28
201.0	119
211.0	46
221.0	23
231.0	24
241.0	119
251.0	62042
261.0	2
271.0	0
281.0	7
291.0	0
301.0	1
311.0	1
321.0	4
331.0	2
341.0	1
351.0	1
361.0	2
371.0	0
381.0	0
391.0	0
401.0	0
411.0	1
421.0	0
431.0	0
441.0	1
451.0	0
461.0	0
471.0	0
481.0	19
491.0	0
--

Length	Count
192.0	31
202.0	125
212.0	22
222.0	19
232.0	33
242.0	173
252.0	50249
262.0	2
272.0	0
282.0	2
292.0	1
302.0	1
312.0	0
322.0	8
332.0	0
342.0	0
352.0	0
362.0	0
372.0	0
382.0	0
392.0	0
402.0	0
412.0	0
422.0	1
432.0	0
442.0	0
452.0	0
462.0	0
472.0	0
482.0	9
492.0	0
--

Length	Count
190.0	18
200.0	107
210.0	82
220.0	52
230.0	19
240.0	164
250.0	66407
260.0	5
270.0	0
280.0	10
290.0	4
300.0	0
310.0	10
320.0	11
330.0	1
340.0	9
350.0	1
360.0	1
370.0	1
380.0	0
390.0	0
400.0	0
410.0	0
420.0	0
430.0	0
440.0	0
450.0	0
460.0	0
470.0	0
480.0	21
490.0	0
--

Length	Count
191.0	30
201.0	105
211.0	46
221.0	40
231.0	42
241.0	174
251.0	62540
261.0	2
271.0	3
281.0	13
291.0	5
301.0	1
311.0	1
321.0	12
331.0	3
341.0	3
351.0	1
361.0	0
371.0	0
381.0	2
391.0	0
401.0	1
411.0	1
421.0	0
431.0	0
441.0	3
451.0	1
461.0	0
471.0	0
481.0	24
491.0	0
--

Length	Count
191.0	34
201.0	148
211.0	52
221.0	25
231.0	47
241.0	231
251.0	56795
261.0	2
271.0	1
281.0	6
291.0	1
301.0	3
311.0	3
321.0	8
331.0	0
341.0	5
351.0	0
361.0	1
371.0	0
381.0	0
391.0	0
401.0	0
411.0	0
421.0	0
431.0	0
441.0	1
451.0	0
461.0	0
471.0	0
481.0	13
491.0	0
--

Length	Count
191.0	47
201.0	175
211.0	98
221.0	55
231.0	34
241.0	202
251.0	66271
261.0	6
271.0	1
281.0	22
291.0	7
301.0	6
311.0	5
321.0	21
331.0	2
341.0	13
351.0	1
361.0	0
371.0	1
381.0	0
391.0	0
401.0	0
411.0	0
421.0	0
431.0	1
441.0	1
451.0	0
461.0	0
471.0	0
481.0	35
491.0	0
--

Length	Count
192.0	47
202.0	144
212.0	29
222.0	21
232.0	56
242.0	90
252.0	37282
262.0	0
272.0	4
282.0	27
292.0	2
302.0	5
312.0	1
322.0	23
332.0	1
342.0	6
352.0	2
362.0	2
372.0	1
382.0	0
392.0	0
402.0	0
412.0	0
422.0	0
432.0	2
442.0	0
452.0	0
462.0	0
472.0	0
482.0	21
492.0	0
--

Length	Count
191.0	22
201.0	206
211.0	83
221.0	28
231.0	18
241.0	134
251.0	55919
261.0	1
271.0	0
281.0	14
291.0	6
301.0	2
311.0	5
321.0	18
331.0	3
341.0	8
351.0	1
361.0	1
371.0	1
381.0	1
391.0	0
401.0	0
411.0	0
421.0	0
431.0	1
441.0	0
451.0	0
461.0	0
471.0	0
481.0	32
491.0	0
--

Length	Count
192.0	34
202.0	68
212.0	17
222.0	12
232.0	33
242.0	78
252.0	25431
262.0	1
272.0	1
282.0	8
292.0	0
302.0	5
312.0	0
322.0	10
332.0	1
342.0	2
352.0	0
362.0	0
372.0	0
382.0	0
392.0	0
402.0	0
412.0	0
422.0	0
432.0	0
442.0	0
452.0	0
462.0	0
472.0	0
482.0	7
492.0	0
--

Length	Count
191.0	26
201.0	126
211.0	64
221.0	35
231.0	37
241.0	222
251.0	58553
261.0	6
271.0	3
281.0	17
291.0	1
301.0	2
311.0	2
321.0	14
331.0	1
341.0	3
351.0	2
361.0	1
371.0	3
381.0	0
391.0	0
401.0	1
411.0	0
421.0	0
431.0	0
441.0	1
451.0	0
461.0	0
471.0	0
481.0	29
491.0	0
--

Length	Count
201.0	4
211.0	3
221.0	1
231.0	10
241.0	29
251.0	1195
261.0	0
271.0	0
281.0	0
291.0	0
301.0	0
311.0	0
321.0	0
331.0	0
341.0	0
351.0	0
361.0	0
371.0	0
381.0	0
391.0	1
--

Length	Count
191.0	3
201.0	24
211.0	9
221.0	4
231.0	4
241.0	28
251.0	5061
261.0	0
271.0	0
281.0	0
291.0	0
301.0	0
311.0	1
321.0	0
331.0	0
341.0	0
351.0	0
361.0	0
371.0	0
381.0	0
391.0	0
401.0	0
411.0	0
421.0	0
431.0	0
441.0	0
451.0	0
461.0	0
471.0	0
481.0	2
491.0	0
--

Length	Count
191.0	18
201.0	121
211.0	63
221.0	26
231.0	28
241.0	157
251.0	60113
261.0	5
271.0	0
281.0	11
291.0	2
301.0	5
311.0	4
321.0	11
331.0	0
341.0	9
351.0	0
361.0	0
371.0	1
381.0	0
391.0	1
401.0	0
411.0	0
421.0	0
431.0	0
441.0	1
451.0	0
461.0	0
471.0	0
481.0	33
491.0	0
--

Length	Count
191.0	22
201.0	121
211.0	40
221.0	21
231.0	20
241.0	76
251.0	47924
261.0	1
271.0	1
281.0	8
291.0	3
301.0	2
311.0	3
321.0	9
331.0	0
341.0	6
351.0	4
361.0	0
371.0	1
381.0	0
391.0	0
401.0	0
411.0	0
421.0	0
431.0	0
441.0	0
451.0	0
461.0	0
471.0	0
481.0	24
491.0	0
--

Length	Count
191.0	20
201.0	162
211.0	80
221.0	46
231.0	20
241.0	154
251.0	56842
261.0	2
271.0	2
281.0	11
291.0	2
301.0	0
311.0	1
321.0	12
331.0	2
341.0	5
351.0	0
361.0	0
371.0	2
381.0	1
391.0	0
401.0	1
411.0	0
421.0	0
431.0	0
441.0	0
451.0	0
461.0	0
471.0	0
481.0	18
491.0	0
--

Length	Count
192.0	52
202.0	133
212.0	33
222.0	33
232.0	18
242.0	79
252.0	58896
262.0	2
272.0	1
282.0	10
292.0	1
302.0	0
312.0	0
322.0	6
332.0	4
342.0	2
352.0	0
362.0	0
372.0	1
382.0	0
392.0	0
402.0	0
412.0	0
422.0	0
432.0	1
442.0	0
452.0	0
462.0	0
472.0	0
482.0	17
492.0	0
--

Length	Count
192.0	34
202.0	81
212.0	22
222.0	30
232.0	29
242.0	145
252.0	58132
262.0	0
272.0	0
282.0	5
292.0	1
302.0	3
312.0	1
322.0	5
332.0	0
342.0	2
352.0	0
362.0	0
372.0	1
382.0	1
392.0	0
402.0	1
412.0	0
422.0	0
432.0	0
442.0	0
452.0	0
462.0	0
472.0	0
482.0	7
492.0	0
--

Length	Count
191.0	26
201.0	183
211.0	64
221.0	32
231.0	32
241.0	368
251.0	70807
261.0	4
271.0	3
281.0	16
291.0	4
301.0	3
311.0	1
321.0	3
331.0	2
341.0	7
351.0	2
361.0	3
371.0	0
381.0	0
391.0	0
401.0	0
411.0	0
421.0	0
431.0	0
441.0	0
451.0	0
461.0	0
471.0	0
481.0	29
491.0	0
--

Length	Count
191.0	29
201.0	188
211.0	67
221.0	33
231.0	21
241.0	222
251.0	53629
261.0	2
271.0	0
281.0	4
291.0	1
301.0	2
311.0	2
321.0	4
331.0	3
341.0	0
351.0	0
361.0	0
371.0	0
381.0	1
391.0	0
401.0	0
411.0	0
421.0	0
431.0	0
441.0	0
451.0	0
461.0	0
471.0	0
481.0	9
491.0	0
--

Length	Count
191.0	19
201.0	127
211.0	41
221.0	21
231.0	25
241.0	143
251.0	43640
261.0	0
271.0	0
281.0	8
291.0	2
301.0	1
311.0	1
321.0	9
331.0	2
341.0	1
351.0	0
361.0	0
371.0	1
381.0	0
391.0	0
401.0	0
411.0	0
421.0	0
431.0	0
441.0	0
451.0	0
461.0	0
471.0	0
481.0	12
491.0	0
--

Length	Count
198.0	65
208.0	40
218.0	28
228.0	7
238.0	53
248.0	33037
258.0	0
268.0	2
278.0	2
288.0	7
298.0	1
308.0	2
318.0	4
328.0	6
338.0	1
348.0	1
358.0	1
368.0	1
378.0	0
388.0	0
398.0	0
408.0	0
418.0	1
428.0	1
438.0	1
448.0	0
458.0	0
468.0	0
478.0	14
488.0	0
--

Length	Count
191.0	7
201.0	34
211.0	16
221.0	8
231.0	10
241.0	26
251.0	16962
261.0	0
271.0	0
281.0	2
291.0	0
301.0	2
311.0	2
321.0	4
331.0	2
341.0	1
351.0	1
361.0	1
371.0	1
381.0	1
391.0	0
401.0	0
411.0	2
421.0	2
431.0	1
441.0	0
451.0	0
461.0	0
471.0	0
481.0	9
491.0	0
--

Length	Count
191.0	18
201.0	86
211.0	56
221.0	21
231.0	19
241.0	105
251.0	39139
261.0	0
271.0	1
281.0	3
291.0	1
301.0	0
311.0	2
321.0	15
331.0	1
341.0	0
351.0	1
361.0	0
371.0	2
381.0	0
391.0	0
401.0	0
411.0	1
421.0	0
431.0	2
441.0	0
451.0	0
461.0	0
471.0	0
481.0	16
491.0	0
--

Length	Count
191.0	17
201.0	90
211.0	46
221.0	22
231.0	27
241.0	90
251.0	51147
261.0	2
271.0	0
281.0	10
291.0	6
301.0	4
311.0	2
321.0	11
331.0	3
341.0	4
351.0	2
361.0	1
371.0	0
381.0	0
391.0	0
401.0	0
411.0	1
421.0	0
431.0	0
441.0	0
451.0	0
461.0	0
471.0	0
481.0	13
491.0	0
--

Length	Count
192.0	60
202.0	102
212.0	38
222.0	17
232.0	13
242.0	79
252.0	58679
262.0	2
272.0	1
282.0	4
292.0	0
302.0	5
312.0	1
322.0	7
332.0	2
342.0	8
352.0	3
362.0	0
372.0	1
382.0	0
392.0	0
402.0	0
412.0	0
422.0	0
432.0	1
442.0	1
452.0	1
462.0	0
472.0	0
482.0	27
492.0	0
--

Length	Count
198.0	18
208.0	14
218.0	12
228.0	9
238.0	23
248.0	11911
258.0	1
268.0	1
278.0	0
288.0	7
298.0	0
308.0	2
318.0	2
328.0	3
338.0	2
348.0	1
358.0	0
368.0	0
378.0	1
388.0	0
398.0	0
408.0	0
418.0	0
428.0	0
438.0	0
448.0	0
458.0	0
468.0	0
478.0	5
488.0	0
--

Length	Count
192.0	41
202.0	48
212.0	26
222.0	21
232.0	18
242.0	96
252.0	28928
262.0	0
272.0	1
282.0	15
292.0	1
302.0	2
312.0	1
322.0	7
332.0	2
342.0	5
352.0	1
362.0	2
372.0	0
382.0	0
392.0	0
402.0	0
412.0	1
422.0	0
432.0	0
442.0	1
452.0	0
462.0	0
472.0	0
482.0	27
492.0	0
--

Length	Count
191.0	14
201.0	54
211.0	29
221.0	18
231.0	17
241.0	112
251.0	30298
261.0	2
271.0	2
281.0	3
291.0	3
301.0	1
311.0	0
321.0	9
331.0	0
341.0	4
351.0	0
361.0	2
371.0	1
381.0	0
391.0	0
401.0	0
411.0	0
421.0	0
431.0	0
441.0	0
451.0	0
461.0	0
471.0	0
481.0	14
491.0	0
--

Length	Count
198.0	30
208.0	17
218.0	11
228.0	8
238.0	51
248.0	17729
258.0	1
268.0	0
278.0	1
288.0	6
298.0	0
308.0	3
318.0	1
328.0	2
338.0	2
348.0	1
358.0	0
368.0	0
378.0	0
388.0	0
398.0	0
408.0	0
418.0	0
428.0	0
438.0	0
448.0	0
458.0	0
468.0	0
478.0	7
488.0	0
--

Length	Count
194.0	12
204.0	12
214.0	6
224.0	2
234.0	13
244.0	4754
254.0	2
264.0	0
274.0	2
284.0	1
294.0	0
304.0	0
314.0	1
324.0	0
334.0	1
344.0	0
354.0	2
364.0	0
374.0	0
384.0	0
394.0	0
404.0	4
414.0	0
424.0	5
434.0	0
444.0	0
454.0	0
464.0	0
474.0	0
484.0	3
494.0	0
--

Length	Count
194.0	52
204.0	62
214.0	15
224.0	14
234.0	26
244.0	34965
254.0	149
264.0	1
274.0	2
284.0	4
294.0	1
304.0	2
314.0	0
324.0	1
334.0	1
344.0	0
354.0	0
364.0	1
374.0	2
384.0	0
394.0	0
404.0	0
414.0	0
424.0	0
434.0	0
444.0	0
454.0	0
464.0	0
474.0	0
484.0	14
494.0	0
--

Length	Count
191.0	33
201.0	100
211.0	43
221.0	20
231.0	14
241.0	150
251.0	60993
261.0	0
271.0	0
281.0	14
291.0	1
301.0	2
311.0	3
321.0	12
331.0	4
341.0	6
351.0	0
361.0	2
371.0	2
381.0	0
391.0	0
401.0	0
411.0	0
421.0	0
431.0	0
441.0	1
451.0	0
461.0	0
471.0	0
481.0	10
491.0	0
--

Length	Count
197.0	89
207.0	52
217.0	25
227.0	10
237.0	69
247.0	50051
257.0	3
267.0	1
277.0	0
287.0	9
297.0	1
307.0	0
317.0	2
327.0	1
337.0	4
347.0	1
357.0	1
367.0	0
377.0	1
387.0	0
397.0	0
407.0	0
417.0	0
427.0	0
437.0	0
447.0	0
457.0	0
467.0	0
477.0	0
487.0	15
--

Length	Count
192.0	53
202.0	146
212.0	16
222.0	11
232.0	27
242.0	121
252.0	47483
262.0	0
272.0	0
282.0	4
292.0	1
302.0	2
312.0	3
322.0	6
332.0	0
342.0	2
352.0	2
362.0	0
372.0	1
382.0	1
392.0	0
402.0	1
412.0	0
422.0	1
432.0	0
442.0	1
452.0	0
462.0	0
472.0	0
482.0	10
492.0	0
--

Length	Count
191.0	20
201.0	117
211.0	29
221.0	9
231.0	17
241.0	48
251.0	29327
261.0	0
271.0	1
281.0	2
291.0	0
301.0	2
311.0	0
321.0	3
331.0	1
341.0	1
351.0	1
361.0	1
371.0	0
381.0	1
391.0	0
401.0	0
411.0	1
421.0	0
431.0	0
441.0	0
451.0	0
461.0	0
471.0	0
481.0	7
491.0	0
--

Length	Count
192.0	57
202.0	170
212.0	25
222.0	18
232.0	45
242.0	79
252.0	53739
262.0	3
272.0	0
282.0	12
292.0	1
302.0	7
312.0	2
322.0	11
332.0	0
342.0	3
352.0	1
362.0	0
372.0	1
382.0	0
392.0	0
402.0	0
412.0	0
422.0	0
432.0	0
442.0	0
452.0	0
462.0	0
472.0	0
482.0	15
492.0	0
--

Length	Count
193.0	65
203.0	96
213.0	9
223.0	11
233.0	35
243.0	677
253.0	28892
263.0	0
273.0	2
283.0	2
293.0	0
303.0	1
313.0	0
323.0	3
333.0	0
343.0	3
353.0	0
363.0	0
373.0	1
383.0	1
393.0	0
403.0	0
413.0	0
423.0	0
433.0	0
443.0	0
453.0	0
463.0	0
473.0	0
483.0	14
493.0	0
--

Length	Count
192.0	16
202.0	40
212.0	17
222.0	7
232.0	15
242.0	84
252.0	19685
262.0	0
272.0	1
282.0	4
292.0	0
302.0	3
312.0	1
322.0	8
332.0	0
342.0	1
352.0	5
362.0	0
372.0	0
382.0	2
392.0	0
402.0	3
412.0	4
422.0	0
432.0	0
442.0	0
452.0	0
462.0	0
472.0	0
482.0	14
492.0	0
--

Length	Count
191.0	12
201.0	70
211.0	25
221.0	13
231.0	13
241.0	55
251.0	28307
261.0	0
271.0	1
281.0	5
291.0	0
301.0	1
311.0	0
321.0	5
331.0	0
341.0	3
351.0	1
361.0	0
371.0	0
381.0	0
391.0	0
401.0	0
411.0	0
421.0	0
431.0	0
441.0	2
451.0	0
461.0	0
471.0	0
481.0	10
491.0	0
--

Length	Count
193.0	45
203.0	88
213.0	9
223.0	26
233.0	21
243.0	1837
253.0	29331
263.0	1
273.0	1
283.0	8
293.0	1
303.0	5
313.0	0
323.0	5
333.0	0
343.0	1
353.0	0
363.0	0
373.0	1
383.0	0
393.0	0
403.0	1
413.0	0
423.0	1
433.0	1
443.0	0
453.0	0
463.0	0
473.0	0
483.0	9
493.0	0
--

Length	Count
191.0	11
201.0	51
211.0	18
221.0	8
231.0	8
241.0	61
251.0	22159
261.0	0
271.0	0
281.0	3
291.0	1
301.0	0
311.0	1
321.0	5
331.0	1
341.0	1
351.0	0
361.0	0
371.0	1
381.0	0
391.0	0
401.0	0
411.0	0
421.0	0
431.0	0
441.0	0
451.0	0
461.0	0
471.0	0
481.0	11
491.0	0
--

Length	Count
198.0	32
208.0	10
218.0	5
228.0	8
238.0	22
248.0	9889
258.0	0
268.0	0
278.0	0
288.0	1
298.0	1
308.0	1
318.0	1
328.0	0
338.0	0
348.0	2
358.0	0
368.0	0
378.0	0
388.0	0
398.0	0
408.0	2
418.0	1
428.0	0
438.0	0
448.0	0
458.0	0
468.0	0
478.0	4
488.0	0
--

Length	Count
195.0	18
205.0	23
215.0	7
225.0	6
235.0	13
245.0	13243
255.0	3
265.0	1
275.0	3
285.0	1
295.0	0
305.0	2
315.0	1
325.0	5
335.0	1
345.0	1
355.0	0
365.0	1
375.0	1
385.0	0
395.0	0
405.0	2
415.0	0
425.0	0
435.0	0
445.0	0
455.0	0
465.0	0
475.0	0
485.0	10
495.0	0
--

Length	Count
193.0	58
203.0	82
213.0	24
223.0	17
233.0	65
243.0	3145
253.0	36706
263.0	0
273.0	1
283.0	9
293.0	0
303.0	3
313.0	1
323.0	7
333.0	1
343.0	1
353.0	0
363.0	0
373.0	1
383.0	0
393.0	0
403.0	1
413.0	0
423.0	0
433.0	0
443.0	1
453.0	0
463.0	0
473.0	0
483.0	25
493.0	0
--

Length	Count
191.0	11
201.0	58
211.0	21
221.0	9
231.0	9
241.0	61
251.0	33820
261.0	0
271.0	0
281.0	1
291.0	2
301.0	4
311.0	0
321.0	6
331.0	0
341.0	0
351.0	0
361.0	0
371.0	1
381.0	0
391.0	0
401.0	0
411.0	0
421.0	2
431.0	1
441.0	0
451.0	0
461.0	0
471.0	0
481.0	11
491.0	0
--

Length	Count
201.0	2
211.0	1
221.0	0
231.0	8
241.0	30
251.0	1103
261.0	0
271.0	1
281.0	0
291.0	0
301.0	0
311.0	0
321.0	1
331.0	0
341.0	1
351.0	5
361.0	0
371.0	0
381.0	1
391.0	0
401.0	0
411.0	0
421.0	2
431.0	0
--

Length	Count
191.0	4
201.0	21
211.0	11
221.0	4
231.0	8
241.0	35
251.0	8588
261.0	0
271.0	0
281.0	1
291.0	0
301.0	1
311.0	2
321.0	2
331.0	0
341.0	1
351.0	2
361.0	0
371.0	0
381.0	0
391.0	0
401.0	0
411.0	0
421.0	3
431.0	0
441.0	0
451.0	0
461.0	0
471.0	0
481.0	3
491.0	0
--

Length	Count
198.0	48
208.0	19
218.0	8
228.0	8
238.0	34
248.0	17362
258.0	2
268.0	0
278.0	0
288.0	1
298.0	0
308.0	3
318.0	0
328.0	1
338.0	1
348.0	0
358.0	0
368.0	0
378.0	0
388.0	0
398.0	0
408.0	4
418.0	4
428.0	0
438.0	0
448.0	0
458.0	0
468.0	0
478.0	5
488.0	0
--

Length	Count
197.0	69
207.0	78
217.0	17
227.0	20
237.0	35
247.0	37121
257.0	4
267.0	0
277.0	1
287.0	4
297.0	0
307.0	1
317.0	1
327.0	2
337.0	0
347.0	2
357.0	1
367.0	0
377.0	0
387.0	0
397.0	0
407.0	4
417.0	1
427.0	0
437.0	1
447.0	0
457.0	0
467.0	0
477.0	0
487.0	18
--

Length	Count
193.0	40
203.0	46
213.0	9
223.0	13
233.0	32
243.0	2137
253.0	38631
263.0	0
273.0	2
283.0	7
293.0	1
303.0	3
313.0	0
323.0	7
333.0	1
343.0	4
353.0	0
363.0	0
373.0	0
383.0	0
393.0	0
403.0	0
413.0	0
423.0	0
433.0	0
443.0	0
453.0	0
463.0	0
473.0	0
483.0	17
493.0	0
--

Length	Count
191.0	32
201.0	96
211.0	54
221.0	17
231.0	37
241.0	125
251.0	48907
261.0	1
271.0	1
281.0	6
291.0	2
301.0	5
311.0	3
321.0	10
331.0	3
341.0	8
351.0	0
361.0	0
371.0	2
381.0	0
391.0	1
401.0	0
411.0	1
421.0	0
431.0	0
441.0	0
451.0	0
461.0	0
471.0	0
481.0	16
491.0	0
--

Length	Count
202.0	6
212.0	1
222.0	0
232.0	0
242.0	3
252.0	869
262.0	1
272.0	0
282.0	0
292.0	0
302.0	0
312.0	0
322.0	0
332.0	1
342.0	0
352.0	0
362.0	1
372.0	0
382.0	0
392.0	0
402.0	0
412.0	1
422.0	1
432.0	0
--

Length	Count
192.0	10
202.0	37
212.0	13
222.0	11
232.0	20
242.0	60
252.0	21420
262.0	1
272.0	2
282.0	5
292.0	0
302.0	0
312.0	0
322.0	2
332.0	1
342.0	2
352.0	1
362.0	0
372.0	1
382.0	0
392.0	0
402.0	0
412.0	1
422.0	0
432.0	0
442.0	0
452.0	0
462.0	0
472.0	0
482.0	9
492.0	0
--

Length	Count
191.0	21
201.0	98
211.0	45
221.0	22
231.0	22
241.0	93
251.0	34228
261.0	4
271.0	2
281.0	4
291.0	3
301.0	2
311.0	1
321.0	12
331.0	2
341.0	14
351.0	2
361.0	0
371.0	0
381.0	0
391.0	0
401.0	0
411.0	0
421.0	0
431.0	0
441.0	1
451.0	0
461.0	0
471.0	0
481.0	35
491.0	0
--

Length	Count
191.0	28
201.0	184
211.0	67
221.0	17
231.0	20
241.0	220
251.0	41140
261.0	4
271.0	0
281.0	11
291.0	1
301.0	3
311.0	1
321.0	15
331.0	2
341.0	0
351.0	1
361.0	0
371.0	0
381.0	0
391.0	0
401.0	0
411.0	1
421.0	0
431.0	0
441.0	0
451.0	0
461.0	0
471.0	0
481.0	25
491.0	0
--

Length	Count
197.0	49
207.0	33
217.0	20
227.0	14
237.0	47
247.0	30199
257.0	3
267.0	3
277.0	2
287.0	9
297.0	2
307.0	2
317.0	5
327.0	6
337.0	2
347.0	4
357.0	1
367.0	1
377.0	0
387.0	0
397.0	0
407.0	1
417.0	1
427.0	0
437.0	0
447.0	0
457.0	0
467.0	0
477.0	0
487.0	25
--

Length	Count
198.0	77
208.0	72
218.0	43
228.0	22
238.0	110
248.0	57038
258.0	2
268.0	3
278.0	1
288.0	9
298.0	0
308.0	2
318.0	6
328.0	9
338.0	5
348.0	0
358.0	2
368.0	1
378.0	1
388.0	0
398.0	0
408.0	0
418.0	0
428.0	0
438.0	4
448.0	0
458.0	0
468.0	0
478.0	32
488.0	0
--

Length	Count
191.0	24
201.0	61
211.0	41
221.0	18
231.0	19
241.0	49
251.0	29142
261.0	0
271.0	2
281.0	12
291.0	4
301.0	4
311.0	1
321.0	9
331.0	0
341.0	3
351.0	0
361.0	1
371.0	0
381.0	0
391.0	0
401.0	0
411.0	0
421.0	2
431.0	0
441.0	1
451.0	0
461.0	0
471.0	0
481.0	17
491.0	0
--

Length	Count
191.0	22
201.0	47
211.0	36
221.0	12
231.0	13
241.0	43
251.0	24617
261.0	2
271.0	1
281.0	5
291.0	1
301.0	2
311.0	2
321.0	4
331.0	0
341.0	3
351.0	0
361.0	0
371.0	0
381.0	0
391.0	0
401.0	0
411.0	15
421.0	9
431.0	0
441.0	1
451.0	0
461.0	0
471.0	0
481.0	24
491.0	0
--

Length	Count
191.0	32
201.0	138
211.0	68
221.0	27
231.0	24
241.0	179
251.0	45315
261.0	0
271.0	1
281.0	9
291.0	0
301.0	0
311.0	1
321.0	10
331.0	4
341.0	1
351.0	0
361.0	0
371.0	2
381.0	0
391.0	0
401.0	0
411.0	0
421.0	0
431.0	1
441.0	0
451.0	0
461.0	0
471.0	0
481.0	13
491.0	0
--

Length	Count
195.0	51
205.0	73
215.0	17
225.0	16
235.0	34
245.0	39586
255.0	3
265.0	0
275.0	3
285.0	7
295.0	0
305.0	2
315.0	2
325.0	2
335.0	0
345.0	3
355.0	0
365.0	1
375.0	1
385.0	0
395.0	0
405.0	1
415.0	0
425.0	1
435.0	0
445.0	0
455.0	0
465.0	0
475.0	0
485.0	8
495.0	0
--

Length	Count
194.0	59
204.0	82
214.0	15
224.0	30
234.0	32
244.0	50235
254.0	281
264.0	3
274.0	1
284.0	29
294.0	1
304.0	5
314.0	2
324.0	12
334.0	1
344.0	6
354.0	2
364.0	0
374.0	1
384.0	0
394.0	0
404.0	0
414.0	0
424.0	0
434.0	0
444.0	1
454.0	0
464.0	0
474.0	0
484.0	37
494.0	0
--

Length	Count
196.0	35
206.0	42
216.0	10
226.0	11
236.0	28
246.0	15729
256.0	1
266.0	0
276.0	1
286.0	6
296.0	0
306.0	1
316.0	5
326.0	10
336.0	1
346.0	5
356.0	0
366.0	0
376.0	0
386.0	0
396.0	0
406.0	4
416.0	0
426.0	0
436.0	1
446.0	0
456.0	0
466.0	0
476.0	0
486.0	16
496.0	0
--

Length	Count
194.0	46
204.0	107
214.0	21
224.0	18
234.0	37
244.0	45475
254.0	37
264.0	3
274.0	2
284.0	12
294.0	0
304.0	3
314.0	5
324.0	12
334.0	0
344.0	4
354.0	2
364.0	0
374.0	0
384.0	0
394.0	0
404.0	1
414.0	0
424.0	0
434.0	0
444.0	1
454.0	0
464.0	0
474.0	0
484.0	36
494.0	0
--

Length	Count
198.0	48
208.0	7
218.0	7
228.0	4
238.0	33
248.0	14007
258.0	1
268.0	3
278.0	1
288.0	1
298.0	0
308.0	1
318.0	1
328.0	0
338.0	0
348.0	1
358.0	1
368.0	0
378.0	0
388.0	0
398.0	0
408.0	10
418.0	1
428.0	0
438.0	0
448.0	0
458.0	0
468.0	0
478.0	3
488.0	0
--

Length	Count
191.0	12
201.0	62
211.0	21
221.0	5
231.0	8
241.0	38
251.0	24702
261.0	0
271.0	2
281.0	3
291.0	2
301.0	1
311.0	2
321.0	6
331.0	0
341.0	1
351.0	0
361.0	0
371.0	0
381.0	0
391.0	0
401.0	0
411.0	2
421.0	2
431.0	0
441.0	0
451.0	0
461.0	0
471.0	0
481.0	5
491.0	0
--

Length	Count
191.0	13
201.0	49
211.0	33
221.0	8
231.0	13
241.0	70
251.0	22954
261.0	0
271.0	1
281.0	6
291.0	1
301.0	2
311.0	0
321.0	4
331.0	0
341.0	6
351.0	1
361.0	0
371.0	0
381.0	1
391.0	0
401.0	0
411.0	0
421.0	6
431.0	0
441.0	1
451.0	0
461.0	0
471.0	0
481.0	10
491.0	0
--

Length	Count
193.0	55
203.0	123
213.0	35
223.0	21
233.0	34
243.0	1354
253.0	45448
263.0	1
273.0	2
283.0	15
293.0	1
303.0	5
313.0	1
323.0	13
333.0	0
343.0	9
353.0	1
363.0	1
373.0	0
383.0	0
393.0	1
403.0	1
413.0	0
423.0	0
433.0	1
443.0	0
453.0	0
463.0	0
473.0	0
483.0	26
493.0	0
--

Length	Count
193.0	26
203.0	38
213.0	23
223.0	18
233.0	23
243.0	1461
253.0	29200
263.0	0
273.0	0
283.0	12
293.0	0
303.0	3
313.0	0
323.0	15
333.0	1
343.0	2
353.0	1
363.0	0
373.0	1
383.0	0
393.0	0
403.0	0
413.0	1
423.0	0
433.0	0
443.0	0
453.0	0
463.0	0
473.0	0
483.0	14
493.0	0
--

Length	Count
193.0	27
203.0	25
213.0	8
223.0	16
233.0	31
243.0	1660
253.0	24823
263.0	1
273.0	3
283.0	12
293.0	0
303.0	2
313.0	1
323.0	17
333.0	1
343.0	10
353.0	1
363.0	0
373.0	1
383.0	0
393.0	0
403.0	1
413.0	0
423.0	4
433.0	0
443.0	0
453.0	0
463.0	0
473.0	0
483.0	21
493.0	0
--

Length	Count
201.0	1
211.0	0
221.0	0
231.0	0
241.0	1
251.0	202
261.0	0
271.0	0
281.0	0
291.0	0
301.0	0
311.0	0
321.0	3
331.0	0
--

Length	Count
190.0	7
200.0	33
210.0	26
220.0	23
230.0	23
240.0	79
250.0	31098
260.0	2
270.0	1
280.0	8
290.0	4
300.0	0
310.0	3
320.0	20
330.0	2
340.0	5
350.0	0
360.0	0
370.0	1
380.0	1
390.0	0
400.0	0
410.0	0
420.0	0
430.0	0
440.0	0
450.0	0
460.0	0
470.0	0
480.0	21
490.0	0
--

Length	Count
191.0	19
201.0	66
211.0	20
221.0	27
231.0	29
241.0	118
251.0	38818
261.0	1
271.0	3
281.0	13
291.0	6
301.0	5
311.0	4
321.0	13
331.0	1
341.0	9
351.0	0
361.0	0
371.0	0
381.0	0
391.0	0
401.0	0
411.0	8
421.0	0
431.0	0
441.0	0
451.0	0
461.0	0
471.0	0
481.0	30
491.0	0
--

Length	Count
192.0	31
202.0	62
212.0	34
222.0	38
232.0	45
242.0	143
252.0	47294
262.0	3
272.0	6
282.0	27
292.0	3
302.0	10
312.0	1
322.0	31
332.0	3
342.0	10
352.0	1
362.0	1
372.0	1
382.0	0
392.0	0
402.0	1
412.0	0
422.0	0
432.0	1
442.0	0
452.0	0
462.0	0
472.0	0
482.0	60
492.0	0
--

Length	Count
193.0	34
203.0	99
213.0	23
223.0	20
233.0	24
243.0	541
253.0	42404
263.0	1
273.0	4
283.0	6
293.0	1
303.0	4
313.0	0
323.0	15
333.0	0
343.0	8
353.0	1
363.0	0
373.0	1
383.0	0
393.0	0
403.0	5
413.0	0
423.0	0
433.0	0
443.0	1
453.0	0
463.0	0
473.0	0
483.0	24
493.0	0
--

Length	Count
191.0	23
201.0	117
211.0	49
221.0	13
231.0	16
241.0	143
251.0	50326
261.0	3
271.0	2
281.0	12
291.0	4
301.0	4
311.0	3
321.0	15
331.0	2
341.0	6
351.0	2
361.0	0
371.0	2
381.0	0
391.0	0
401.0	0
411.0	0
421.0	0
431.0	0
441.0	4
451.0	0
461.0	0
471.0	0
481.0	18
491.0	0
--

Length	Count
191.0	23
201.0	70
211.0	50
221.0	30
231.0	24
241.0	176
251.0	47714
261.0	1
271.0	4
281.0	17
291.0	3
301.0	4
311.0	8
321.0	16
331.0	2
341.0	4
351.0	2
361.0	1
371.0	0
381.0	0
391.0	0
401.0	0
411.0	0
421.0	0
431.0	1
441.0	0
451.0	1
461.0	0
471.0	0
481.0	21
491.0	0
--

Length	Count
190.0	28
200.0	111
210.0	58
220.0	34
230.0	44
240.0	177
250.0	54354
260.0	5
270.0	0
280.0	13
290.0	6
300.0	2
310.0	9
320.0	22
330.0	3
340.0	12
350.0	2
360.0	1
370.0	2
380.0	0
390.0	0
400.0	0
410.0	1
420.0	0
430.0	1
440.0	1
450.0	0
460.0	0
470.0	0
480.0	42
490.0	0
--

Length	Count
192.0	8
202.0	10
212.0	5
222.0	1
232.0	5
242.0	6
252.0	4464
262.0	0
272.0	0
282.0	0
292.0	0
302.0	1
312.0	0
322.0	0
332.0	0
342.0	1
352.0	0
362.0	0
372.0	0
382.0	0
392.0	0
402.0	0
412.0	0
422.0	0
432.0	0
442.0	0
452.0	0
462.0	0
472.0	0
482.0	2
492.0	0
--

Length	Count
197.0	64
207.0	62
217.0	47
227.0	31
237.0	55
247.0	39926
257.0	6
267.0	0
277.0	2
287.0	14
297.0	0
307.0	1
317.0	4
327.0	7
337.0	4
347.0	3
357.0	2
367.0	1
377.0	1
387.0	0
397.0	0
407.0	0
417.0	0
427.0	1
437.0	0
447.0	1
457.0	0
467.0	0
477.0	0
487.0	9
--

Length	Count
190.0	5
200.0	35
210.0	34
220.0	16
230.0	10
240.0	101
250.0	32882
260.0	0
270.0	0
280.0	9
290.0	1
300.0	0
310.0	3
320.0	6
330.0	0
340.0	4
350.0	2
360.0	0
370.0	0
380.0	0
390.0	0
400.0	0
410.0	0
420.0	2
430.0	0
440.0	0
450.0	0
460.0	0
470.0	0
480.0	16
490.0	0
--

Length	Count
194.0	22
204.0	25
214.0	6
224.0	5
234.0	21
244.0	15918
254.0	22
264.0	1
274.0	0
284.0	3
294.0	1
304.0	2
314.0	1
324.0	1
334.0	0
344.0	1
354.0	2
364.0	0
374.0	0
384.0	0
394.0	0
404.0	0
414.0	2
424.0	1
434.0	0
444.0	0
454.0	0
464.0	0
474.0	0
484.0	9
494.0	0
--

Length	Count
192.0	18
202.0	33
212.0	14
222.0	9
232.0	13
242.0	83
252.0	21251
262.0	2
272.0	1
282.0	10
292.0	2
302.0	1
312.0	0
322.0	9
332.0	2
342.0	4
352.0	1
362.0	0
372.0	0
382.0	0
392.0	0
402.0	0
412.0	7
422.0	2
432.0	0
442.0	1
452.0	0
462.0	0
472.0	0
482.0	14
492.0	0
--

Length	Count
192.0	27
202.0	59
212.0	16
222.0	20
232.0	31
242.0	139
252.0	44783
262.0	2
272.0	6
282.0	26
292.0	1
302.0	5
312.0	2
322.0	15
332.0	2
342.0	2
352.0	0
362.0	0
372.0	2
382.0	0
392.0	0
402.0	0
412.0	0
422.0	0
432.0	0
442.0	1
452.0	0
462.0	0
472.0	0
482.0	30
492.0	0
--

Length	Count
191.0	64
201.0	44
211.0	48
221.0	24
231.0	19
241.0	118
251.0	37206
261.0	4
271.0	4
281.0	12
291.0	4
301.0	2
311.0	2
321.0	24
331.0	1
341.0	3
351.0	0
361.0	0
371.0	1
381.0	0
391.0	0
401.0	1
411.0	0
421.0	4
431.0	0
441.0	1
451.0	0
461.0	0
471.0	0
481.0	31
491.0	0
--

Length	Count
198.0	5
208.0	5
218.0	1
228.0	1
238.0	2
248.0	2026
258.0	0
268.0	0
278.0	0
288.0	0
298.0	0
308.0	0
318.0	0
328.0	0
338.0	1
348.0	0
--

Length	Count
198.0	6
208.0	3
218.0	4
228.0	2
238.0	20
248.0	1452
258.0	0
268.0	1
278.0	0
288.0	3
298.0	0
308.0	0
318.0	1
328.0	0
338.0	1
348.0	1
358.0	0
368.0	0
378.0	1
388.0	2
398.0	0
408.0	14
418.0	5
428.0	0
438.0	0
448.0	0
458.0	0
468.0	0
478.0	2
488.0	0
--

Length	Count
191.0	20
201.0	59
211.0	51
221.0	19
231.0	11
241.0	79
251.0	33361
261.0	5
271.0	6
281.0	16
291.0	5
301.0	10
311.0	7
321.0	11
331.0	1
341.0	12
351.0	3
361.0	0
371.0	1
381.0	0
391.0	0
401.0	1
411.0	7
421.0	9
431.0	1
441.0	2
451.0	0
461.0	0
471.0	0
481.0	21
491.0	0
--

Length	Count
193.0	44
203.0	118
213.0	30
223.0	34
233.0	38
243.0	4798
253.0	47038
263.0	4
273.0	9
283.0	27
293.0	3
303.0	10
313.0	1
323.0	24
333.0	6
343.0	16
353.0	0
363.0	0
373.0	1
383.0	0
393.0	0
403.0	0
413.0	0
423.0	1
433.0	0
443.0	0
453.0	0
463.0	0
473.0	0
483.0	41
493.0	0
--

Length	Count
193.0	12
203.0	47
213.0	16
223.0	14
233.0	19
243.0	19859
253.0	16635
263.0	0
273.0	0
283.0	7
293.0	0
303.0	2
313.0	0
323.0	6
333.0	2
343.0	3
353.0	0
363.0	0
373.0	0
383.0	0
393.0	0
403.0	0
413.0	0
423.0	0
433.0	0
443.0	0
453.0	0
463.0	0
473.0	0
483.0	6
493.0	0
--

Length	Count
191.0	22
201.0	54
211.0	23
221.0	24
231.0	18
241.0	128
251.0	46026
261.0	2
271.0	0
281.0	3
291.0	1
301.0	3
311.0	1
321.0	6
331.0	0
341.0	0
351.0	0
361.0	0
371.0	0
381.0	0
391.0	0
401.0	0
411.0	0
421.0	0
431.0	0
441.0	0
451.0	0
461.0	0
471.0	0
481.0	18
491.0	0
--

Length	Count
191.0	17
201.0	27
211.0	31
221.0	13
231.0	17
241.0	178
251.0	32339
261.0	3
271.0	8
281.0	21
291.0	2
301.0	0
311.0	1
321.0	14
331.0	2
341.0	3
351.0	1
361.0	0
371.0	0
381.0	0
391.0	0
401.0	0
411.0	0
421.0	0
431.0	0
441.0	2
451.0	0
461.0	0
471.0	0
481.0	29
491.0	0
--

Length	Count
202.0	3
212.0	0
222.0	0
232.0	0
242.0	2
252.0	357
262.0	0
--

